CommunityID	Keywords	TF	DF	TF-IDF	Sigma	TextRank
0	ORGANIZATIONAL-SLACK	0.0202	0.0154	0.0843	0.3895	0.0042
0	PRODUCT DEVELOPMENT	0.0303	0.0231	0.1142	0.4789	0.0054
0	FIRM PERFORMANCE	0.0101	0.0077	0.0492	0.2743	0.0032
0	UNCERTAINTY	0.0202	0.0154	0.0843	0.3895	0.0042
0	VISIBILITY	0.0101	0.0154	0.0422	-0.4271	0.0023
0	SUPPLY CHAIN MANAGEMENT	0.1010	0.1692	0.1794	-1.8103	0.0200
0	MIXED-METHODS RESEARCH	0.0101	0.0077	0.0492	0.2743	0.0030
0	DATA ANALYSIS	0.0101	0.0077	0.0492	0.2743	0.0029
0	MARKETING/OPERATIONS INTERFACE	0.0303	0.0308	0.1055	-0.0269	0.0059
0	OPERATIONAL FAILURES	0.0101	0.0077	0.0492	0.2743	0.0037
0	JOB DESIGN	0.0101	0.0077	0.0492	0.2743	0.0024
0	STRATEGIC SUPPLY NETWORKS	0.0202	0.0154	0.0843	0.3895	0.0040
0	VARIABILITY	0.0303	0.0231	0.1142	0.4789	0.0045
0	FOCUSED FACTORY	0.0101	0.0077	0.0492	0.2743	0.0025
0	QUALITATIVE CASE RESEARCH	0.0202	0.0154	0.0843	0.3895	0.0042
0	SYSTEM DYNAMICS	0.0101	0.0077	0.0492	0.2743	0.0026
0	PERFORMANCE METRICS	0.0101	0.0077	0.0492	0.2743	0.0042
0	PERFORMANCE EFFECTS OF INTER-FUNCTIONAL INTERFACES	0.0101	0.0077	0.0492	0.2743	0.0027
0	SERVICE ORGANIZATIONS	0.0101	0.0077	0.0492	0.2743	0.0037
0	QUALITY MANAGEMENT	0.0707	0.0538	0.2066	0.7433	0.0130
0	CONCEPTUAL METHODS	0.0202	0.0154	0.0843	0.3895	0.0042
0	COMMITMENT THEORY	0.0101	0.0077	0.0492	0.2743	0.0028
0	SUPPLY CHAIN MANAGEMENT (SCM)	0.0202	0.0154	0.0843	0.3895	0.0038
0	MIS-OPERATIONS INTERFACE	0.0101	0.0231	0.0381	-0.8599	0.0029
0	HUMAN RESOURCES/OPERATIONS INTERFACE	0.0101	0.0077	0.0492	0.2743	0.0024
0	OPERATING TRADE-OFFS	0.0303	0.0231	0.1142	0.4789	0.0045
0	SOM CONTENT	0.0101	0.0077	0.0492	0.2743	0.0029
0	SECONDARY DATA	0.0101	0.0077	0.0492	0.2743	0.0031
0	RESEARCHER SURVEY	0.0101	0.0077	0.0492	0.2743	0.0042
0	OPERATIONS INTERFACE	0.0101	0.0077	0.0492	0.2743	0.0028
0	HEALTHCARE OPERATIONS	0.0101	0.0077	0.0492	0.2743	0.0028
0	SUSTAINABILITY	0.0303	0.0308	0.1055	-0.0269	0.0068
0	METHODOLOGY	0.0101	0.0077	0.0492	0.2743	0.0029
0	LOGISTICS/DISTRIBUTION	0.0404	0.0308	0.1407	0.5551	0.0069
0	MANUFACTURING	0.0202	0.0154	0.0843	0.3895	0.0034
0	QUALITATIVE RESEARCH	0.0303	0.0231	0.1142	0.4789	0.0042
0	RESEARCH METHODS	0.0303	0.0308	0.1055	-0.0269	0.0067
0	INTERDISCIPLINARY	0.0101	0.0154	0.0422	-0.4271	0.0023
0	MEASUREMENT METHODOLOGY	0.0202	0.0154	0.0843	0.3895	0.0042
0	DECISION SUPPORT	0.0202	0.0154	0.0843	0.3895	0.0042
0	SERVICE MANAGEMENT	0.0202	0.0154	0.0843	0.3895	0.0042
0	EXPERIENCE	0.0101	0.0077	0.0492	0.2743	0.0035
0	INNOVATION STRATEGY	0.0101	0.0077	0.0492	0.2743	0.0038
0	COOPETITION	0.0202	0.0154	0.0843	0.3895	0.0040
0	HUMAN RESOURCE/OM INTERFACE	0.0101	0.0077	0.0492	0.2743	0.0023
0	TRANSACTION COST ECONOMICS	0.0101	0.0077	0.0492	0.2743	0.0032
0	LEAN PRODUCTION	0.0404	0.0308	0.1407	0.5551	0.0047
0	ETHNOGRAPHY	0.0101	0.0077	0.0492	0.2743	0.0029
0	INTERNET	0.0101	0.0077	0.0492	0.2743	0.0042
0	PROCESS IMPROVEMENT	0.0404	0.0308	0.1407	0.5551	0.0047
0	EMPIRICAL METHODS	0.0101	0.0077	0.0492	0.2743	0.0027
0	SUPPLIER MANAGEMENT	0.0202	0.0231	0.0761	-0.1905	0.0038
0	LITERATURE REVIEW	0.0101	0.0077	0.0492	0.2743	0.0042
0	PRODUCTION PLANNING	0.0101	0.0077	0.0492	0.2743	0.0024
0	TASK-TECHNOLOGY FIT	0.0202	0.0154	0.0843	0.3895	0.0042
0	GUSHER	0.0101	0.0077	0.0492	0.2743	0.0026
0	ARCHETYPES	0.0101	0.0231	0.0381	-0.8599	0.0025
0	PROCESS DESIGN	0.0303	0.0231	0.1142	0.4789	0.0059
0	QUALITATIVE	0.0202	0.0231	0.0761	-0.1905	0.0042
0	ORGANIZATIONAL ISSUES	0.0202	0.0154	0.0843	0.3895	0.0043
0	GENERAL METHODOLOGY	0.0202	0.0154	0.0843	0.3895	0.0042
0	CONTROL THEORY	0.0101	0.0077	0.0492	0.2743	0.0028
0	EMPIRICAL RESEARCH	0.0404	0.0385	0.1316	0.1005	0.0072
0	GREEN SUPPLY CHAIN MANAGEMENT	0.0101	0.0154	0.0422	-0.4271	0.0028
0	INSTITUTIONAL THEORY	0.0101	0.0077	0.0492	0.2743	0.0024
0	CASE RESEARCH	0.0202	0.0154	0.0843	0.3895	0.0061
0	SUPPLIER PERFORMANCE	0.0101	0.0231	0.0381	-0.8599	0.0031
0	PRINT	0.0101	0.0077	0.0492	0.2743	0.0042
0	WORK TEAMS	0.0202	0.0154	0.0843	0.3895	0.0034
0	HYPOTHESIS TESTING	0.0101	0.0077	0.0492	0.2743	0.0029
0	COLLABORATIVE RELATIONSHIP	0.0101	0.0077	0.0492	0.2743	0.0042
0	PLANT MANAGERS	0.0303	0.0231	0.1142	0.4789	0.0042
0	RETURNS MANAGEMENT	0.0303	0.0231	0.1142	0.4789	0.0044
0	MARKETING	0.0101	0.0077	0.0492	0.2743	0.0028
0	CUSTOMER FOCUS	0.0202	0.0154	0.0843	0.3895	0.0039
0	PROJECT MANAGEMENT	0.0202	0.0154	0.0843	0.3895	0.0042
0	EXPLOITATION	0.0101	0.0154	0.0422	-0.4271	0.0038
0	SUPPLIER-SUPPLIER RELATIONSHIPS	0.0202	0.0385	0.0658	-0.9447	0.0051
0	PERFORMANCE ANALYSIS	0.0101	0.0077	0.0492	0.2743	0.0024
0	MEASUREMENT	0.0101	0.0077	0.0492	0.2743	0.0028
0	BATCHING	0.0101	0.0077	0.0492	0.2743	0.0022
0	TCE	0.0101	0.0077	0.0492	0.2743	0.0042
0	INDUCTIVE	0.0202	0.0231	0.0761	-0.1905	0.0042
0	MIS/OM INTERFACE	0.0101	0.0077	0.0492	0.2743	0.0023
0	DATA ENVELOPMENT ANALYSIS	0.0101	0.0077	0.0492	0.2743	0.0042
0	COMPETITIVE CAPABILITIES	0.0101	0.0077	0.0492	0.2743	0.0023
0	LEARNING CURVES	0.0404	0.0308	0.1407	0.5551	0.0047
0	ORGANISATIONAL BEHAVIOR	0.0202	0.0154	0.0843	0.3895	0.0032
0	THEORY	0.0303	0.0308	0.1055	-0.0269	0.0062
0	SERVICE OPERATIONS STRATEGY	0.0101	0.0077	0.0492	0.2743	0.0035
0	TRANSFORMATION MODEL	0.0202	0.0154	0.0843	0.3895	0.0042
0	FORECASTING	0.0303	0.0231	0.1142	0.4789	0.0059
0	PERFORMANCE	0.0101	0.0154	0.0422	-0.4271	0.0029
0	NEW ZEALAND	0.0101	0.0077	0.0492	0.2743	0.0026
0	SERVICE OPERATIONS MANAGEMENT	0.0101	0.0077	0.0492	0.2743	0.0029
0	STRONG INFERENCE	0.0101	0.0077	0.0492	0.2743	0.0030
0	PROJECT INTERDEPENDENCIES	0.0101	0.0077	0.0492	0.2743	0.0042
0	STRUCTURAL THEORY	0.0101	0.0077	0.0492	0.2743	0.0026
0	HORIZONTAL SUPPLY CHAIN RELATIONS	0.0202	0.0154	0.0843	0.3895	0.0040
0	RELATIONAL VIEW	0.0101	0.0077	0.0492	0.2743	0.0032
0	LEANNESS	0.0101	0.0077	0.0492	0.2743	0.0042
0	RESEARCH AGENDA	0.0101	0.0077	0.0492	0.2743	0.0042
0	SERVICE OPERATIONS	0.0505	0.0538	0.1476	-0.1473	0.0081
0	PROCESS MODELING	0.0202	0.0154	0.0843	0.3895	0.0042
0	OPERATIONS STRATEGY	0.0505	0.0692	0.1349	-0.7340	0.0093
0	PURCHASING	0.0101	0.0077	0.0492	0.2743	0.0032
0	RESOURCE BASED VIEW THEORY	0.0101	0.0077	0.0492	0.2743	0.0042
0	EMOTIONAL RESPONSE	0.0101	0.0077	0.0492	0.2743	0.0035
0	DESIGNING SERVICE EXPERIENCES	0.0202	0.0154	0.0843	0.3895	0.0042
0	THEORY BUILDING	0.0303	0.0308	0.1055	-0.0269	0.0068
0	HEALTHCARE	0.0202	0.0154	0.0843	0.3895	0.0043
0	QUALITY	0.0202	0.0154	0.0843	0.3895	0.0041
0	CONVERGENCE STUDY	0.0101	0.0077	0.0492	0.2743	0.0028
0	BENCHMARKING	0.0101	0.0077	0.0492	0.2743	0.0022
0	MANUFACTURING STRATEGY IMPLEMENTATION	0.0101	0.0077	0.0492	0.2743	0.0027
0	OPERATIONS	0.0303	0.0231	0.1142	0.4789	0.0066
0	INTER-ORGANIZATIONAL SYSTEMS	0.0101	0.0077	0.0492	0.2743	0.0024
0	ELECTRONICS INDUSTRY	0.0101	0.0077	0.0492	0.2743	0.0022
0	AUTOMOTIVE	0.0101	0.0077	0.0492	0.2743	0.0042
0	DECISION-MAKING	0.0101	0.0154	0.0422	-0.4271	0.0028
0	CONSTRUCTS	0.0202	0.0154	0.0843	0.3895	0.0041
0	SUPPLY-CHAIN MANAGEMENT	0.0101	0.0231	0.0381	-0.8599	0.0029
0	INTERNATIONAL MANUFACTURING	0.0101	0.0154	0.0422	-0.4271	0.0025
0	EXPLORATION	0.0101	0.0154	0.0422	-0.4271	0.0038
0	OM EMPIRICAL RESEARCH	0.0101	0.0077	0.0492	0.2743	0.0031
0	MODELING	0.0101	0.0077	0.0492	0.2743	0.0026
0	TRANSPORTATION	0.0202	0.0154	0.0843	0.3895	0.0039
0	SUPPLY MANAGEMENT	0.0202	0.0385	0.0658	-0.9447	0.0039
0	CASE STUDY RESEARCH	0.1313	0.1154	0.2836	0.4961	0.0205
0	CASE	0.0101	0.0077	0.0492	0.2743	0.0028
0	AGILITY	0.0101	0.0077	0.0492	0.2743	0.0042
0	MASTER PRODUCTION SCHEDULING	0.0101	0.0154	0.0422	-0.4271	0.0023
0	INFORMATION SHARING	0.0202	0.0154	0.0843	0.3895	0.0038
0	SUPPLY NETWORKS	0.0101	0.0308	0.0352	-1.1908	0.0022
0	RESEARCH METHODOLOGY	0.0101	0.0077	0.0492	0.2743	0.0028
0	ORGANIZATIONAL LEARNING	0.0202	0.0154	0.0843	0.3895	0.0070
0	MANUFACTURING PERFORMANCE	0.0404	0.0308	0.1407	0.5551	0.0062
0	VOLUME FLEXIBILITY	0.0202	0.0154	0.0843	0.3895	0.0036
0	PUBLIC SECTOR OPERATIONS	0.0303	0.0231	0.1142	0.4789	0.0052
0	MANUFACTURING STRATEGY	0.0505	0.0462	0.1553	0.2063	0.0097
0	RESEARCH	0.0101	0.0077	0.0492	0.2743	0.0029
0	NEW PRODUCT DEVELOPMENT	0.0101	0.0077	0.0492	0.2743	0.0042
0	CAPABILITY DEVELOPMENT	0.0101	0.0077	0.0492	0.2743	0.0042
0	BUSINESS SYSTEMS	0.0303	0.0231	0.1142	0.4789	0.0045
0	GOVERNMENTAL REGULATION	0.0101	0.0077	0.0492	0.2743	0.0026
0	DEDUCTIVE	0.0202	0.0231	0.0761	-0.1905	0.0042
0	ORGANIZATION THEORY	0.0101	0.0077	0.0492	0.2743	0.0030
0	TECHNOLOGY MANAGEMENT	0.0101	0.0077	0.0492	0.2743	0.0042
0	ENGINEERING-MANUFACTURING-MARKETING INTERFACE	0.0101	0.0077	0.0492	0.2743	0.0042
0	CONTINGENCY RESEARCH	0.0202	0.0154	0.0843	0.3895	0.0039
0	ELECTRONIC REVERSE AUCTIONS	0.0202	0.0154	0.0843	0.3895	0.0039
0	INTERNATIONAL ISSUE	0.0101	0.0077	0.0492	0.2743	0.0022
0	TIME-BASED COMPETITION	0.0202	0.0154	0.0843	0.3895	0.0036
0	CASE STUDY	0.1212	0.0923	0.2888	0.9936	0.0213
0	POLITICAL SKILL	0.0303	0.0231	0.1142	0.4789	0.0042
0	CLOSED-LOOP SUPPLY CHAIN MANAGEMENT	0.0101	0.0077	0.0492	0.2743	0.0024
0	PRODUCTIVITY	0.0202	0.0154	0.0843	0.3895	0.0032
0	FIELD RESEARCH	0.0101	0.0077	0.0492	0.2743	0.0029
0	CASE-BASED	0.0202	0.0154	0.0843	0.3895	0.0039
0	SUPPLY-CHAIN	0.0202	0.0154	0.0843	0.3895	0.0042
0	SUPPLY CHAIN	0.0404	0.0538	0.1180	-0.5926	0.0075
0	RESOURCE-BASED THEORY	0.0303	0.0308	0.1055	-0.0269	0.0060
0	E-BUSINESS	0.0101	0.0077	0.0492	0.2743	0.0032
0	PROCESS MANAGEMENT	0.0303	0.0231	0.1142	0.4789	0.0045
0	E-COMMERCE	0.0303	0.0231	0.1142	0.4789	0.0054
0	HUMANITARIAN	0.0202	0.0154	0.0843	0.3895	0.0039
0	LEAN MANUFACTURING	0.0404	0.0308	0.1407	0.5551	0.0047
0	OFFSHORING	0.0101	0.0077	0.0492	0.2743	0.0042
0	MEMS TECHNOLOGY	0.0101	0.0077	0.0492	0.2743	0.0042
0	OPPORTUNISM	0.0202	0.0154	0.0843	0.3895	0.0039
0	FLEXIBILITY	0.0404	0.0308	0.1407	0.5551	0.0087
0	CHINA	0.0101	0.0077	0.0492	0.2743	0.0042
0	CASE/FIELD STUDY	0.0707	0.0538	0.2066	0.7433	0.0091
0	CASE STUDY/RESEARCH METHODS	0.0101	0.0231	0.0381	-0.8599	0.0029
0	MASS CUSTOMIZATION	0.0101	0.0077	0.0492	0.2743	0.0042
0	RESOURCE CONSTRAINTS	0.0101	0.0077	0.0492	0.2743	0.0042
0	CONTINGENCY THEORY	0.0101	0.0077	0.0492	0.2743	0.0042
0	FIELD STUDY	0.0202	0.0154	0.0843	0.3895	0.0051
0	TRIADS	0.0101	0.0154	0.0422	-0.4271	0.0031
0	SUPPLIER INTEGRATION	0.0101	0.0077	0.0492	0.2743	0.0042
0	DESIGN-OPERATIONS INTERFACE	0.0202	0.0154	0.0843	0.3895	0.0037
0	PATIENT SAFETY INITIATIVES	0.0101	0.0077	0.0492	0.2743	0.0028
0	AGILE	0.0404	0.0308	0.1407	0.5551	0.0047
0	CUSTOMER VALUE	0.0303	0.0231	0.1142	0.4789	0.0044
0	TEAMS	0.0101	0.0077	0.0492	0.2743	0.0032
0	SOM RESEARCH	0.0101	0.0077	0.0492	0.2743	0.0029
0	SIMULATION	0.0202	0.0154	0.0843	0.3895	0.0044
0	LABORATORY EXPERIMENTS	0.0202	0.0154	0.0843	0.3895	0.0039
0	SOCIO-TECHNICAL SYSTEMS THEORY	0.0202	0.0154	0.0843	0.3895	0.0037
0	ELECTRONIC SURVEYS	0.0101	0.0077	0.0492	0.2743	0.0042
0	RELATIONSHIP INVESTMENT	0.0101	0.0077	0.0492	0.2743	0.0042
0	FIT	0.0101	0.0077	0.0492	0.2743	0.0030
0	OPERATION STRATEGY	0.0202	0.0308	0.0703	-0.6088	0.0038
0	MULTIPLE-CASE STUDY	0.0101	0.0077	0.0492	0.2743	0.0042
0	TESTING	0.0202	0.0231	0.0761	-0.1905	0.0042
0	CO-OPETITION	0.0101	0.0154	0.0422	-0.4271	0.0031
0	CORE SPECIFICITY	0.0101	0.0077	0.0492	0.2743	0.0042
0	SUPPLY CHAIN RISK MANAGEMENT	0.0101	0.0077	0.0492	0.2743	0.0042
0	MEASUREMENT AND METHODOLOGY	0.0303	0.0231	0.1142	0.4789	0.0047
0	ENVIRONMENTAL MANAGEMENT	0.0101	0.0077	0.0492	0.2743	0.0024
0	PROCESS INDUSTRY	0.0101	0.0077	0.0492	0.2743	0.0025
0	SURVEY RESEARCH	0.0101	0.0077	0.0492	0.2743	0.0031
0	RETAIL	0.0101	0.0077	0.0492	0.2743	0.0026
0	INTERNAL LINKAGES	0.0101	0.0077	0.0492	0.2743	0.0024
0	VALUE-CHAIN MANAGEMENT	0.0101	0.0231	0.0381	-0.8599	0.0029
0	CONTENT ANALYSIS	0.0101	0.0077	0.0492	0.2743	0.0028
0	MARKETING-OPERATIONS INTERFACE	0.0505	0.0385	0.1646	0.6231	0.0076
0	BUYER-SUPPLIER RELATIONSHIPS	0.0101	0.0231	0.0381	-0.8599	0.0025
0	SIX SIGMA	0.0101	0.0077	0.0492	0.2743	0.0021
0	RBV	0.0101	0.0077	0.0492	0.2743	0.0042
0	EXTERNAL LINKAGES	0.0101	0.0077	0.0492	0.2743	0.0024
0	EMPIRICAL	0.0202	0.0154	0.0843	0.3895	0.0048
0	STRATEGIC FIT	0.0101	0.0077	0.0492	0.2743	0.0029
0	CROSS-FUNCTIONAL INTEGRATION	0.0303	0.0231	0.1142	0.4789	0.0044
0	INSTRUMENT DEVELOPMENT	0.0202	0.0154	0.0843	0.3895	0.0041
0	SMES	0.0101	0.0077	0.0492	0.2743	0.0026
0	HIGH TECH R&D	0.0101	0.0077	0.0492	0.2743	0.0042
0	INFORMATION TECHNOLOGY	0.0404	0.0462	0.1243	-0.2727	0.0075
0	BEST PRACTICE	0.0101	0.0077	0.0492	0.2743	0.0042
0	CITY LOGISTICS/DISTRIBUTION	0.0101	0.0077	0.0492	0.2743	0.0026
0	RESOURCE BASED VIEW	0.0101	0.0077	0.0492	0.2743	0.0032
0	ENVIRONMENTAL UNCERTAINTY	0.0101	0.0077	0.0492	0.2743	0.0029
0	INTEGRATED CHIPS	0.0101	0.0077	0.0492	0.2743	0.0042
0	HIGH-TECH MANUFACTURING	0.0101	0.0077	0.0492	0.2743	0.0042
0	SMALL AND MEDIUM SIZED ENTERPRISES (SMES)	0.0101	0.0077	0.0492	0.2743	0.0042
0	DESTINATIONS	0.0101	0.0077	0.0492	0.2743	0.0035
0	TOYOTA	0.0202	0.0154	0.0843	0.3895	0.0040
0	FOCUS	0.0101	0.0077	0.0492	0.2743	0.0024
0	SERVICE DESIGN	0.0303	0.0231	0.1142	0.4789	0.0052
0	COMPLEXITY	0.0303	0.0385	0.0987	-0.4221	0.0061
0	CASE STUDIES	0.1111	0.1308	0.2260	-0.5801	0.0211
0	COMPLEMENTARY CAPABILITIES	0.0101	0.0077	0.0492	0.2743	0.0038
0	ORGANIZATIONAL STRUCTURE	0.0101	0.0077	0.0492	0.2743	0.0042
0	SALES AND OPERATIONS PLANNING	0.0101	0.0077	0.0492	0.2743	0.0028
0	MASS SERVICE	0.0101	0.0077	0.0492	0.2743	0.0022
0	AIRCRAFT MANUFACTURING	0.0404	0.0308	0.1407	0.5551	0.0047
1	STRUCTURAL EQUATION MODELLING	0.0323	0.0077	0.1570	1.5655	0.0065
1	VISIBILITY	0.0323	0.0154	0.1347	0.7633	0.0063
1	SUPPLY CHAIN MANAGEMENT	0.3871	0.1692	0.6877	3.2351	0.0598
1	INTERORGANIZATIONAL INFORMATION SYSTEMS	0.0323	0.0077	0.1570	1.5655	0.0103
1	WORKER INTENTIONS	0.0323	0.0077	0.1570	1.5655	0.0103
1	BUYER-SUPPLIER COORDINATION	0.0323	0.0077	0.1570	1.5655	0.0073
1	SUPPLY MANAGEMENT	0.0968	0.0385	0.3153	1.6883	0.0172
1	SECOND-TIER SUPPLIERS	0.0645	0.0154	0.2693	2.2226	0.0101
1	SUPPLY BASE	0.0645	0.0154	0.2693	2.2226	0.0101
1	COMPETITIVE PERFORMANCE	0.0323	0.0077	0.1570	1.5655	0.0103
1	STRUCTURAL ANALYSIS	0.0645	0.0154	0.2693	2.2226	0.0101
1	TRANSACTION COSTS	0.0645	0.0154	0.2693	2.2226	0.0100
1	AUTOMOTIVE INDUSTRY	0.0323	0.0077	0.1570	1.5655	0.0103
1	LIFE CYCLE ASSESSMENT	0.0323	0.0077	0.1570	1.5655	0.0103
1	OPERATIONS MANAGEMENT	0.0323	0.0077	0.1570	1.5655	0.0103
1	SUSTAINABILITY	0.0323	0.0308	0.1123	0.0480	0.0103
1	THEORY DEVELOPMENT	0.0323	0.0077	0.1570	1.5655	0.0075
1	SUPPLY INTEGRATION	0.0323	0.0077	0.1570	1.5655	0.0072
1	LOGISTICS	0.0968	0.0231	0.3647	2.7328	0.0154
1	RESEARCH METHODS	0.0323	0.0308	0.1123	0.0480	0.0082
1	INTERDISCIPLINARY	0.0323	0.0154	0.1347	0.7633	0.0065
1	ORGANIZATIONAL BEHAVIOR	0.0323	0.0077	0.1570	1.5655	0.0075
1	SUPPLIER MANAGEMENT	0.0323	0.0231	0.1216	0.3405	0.0064
1	SUPPLIER PORTFOLIO	0.0323	0.0077	0.1570	1.5655	0.0103
1	SUPPLY-CHAIN MANAGEMENT	0.0645	0.0231	0.2432	1.5366	0.0103
1	EXPLORATION	0.0323	0.0154	0.1347	0.7633	0.0073
1	DEMAND CHAIN MANAGEMENT	0.0323	0.0077	0.1570	1.5655	0.0067
1	ARCHETYPES	0.0645	0.0231	0.2432	1.5366	0.0103
1	QUALITATIVE	0.0323	0.0231	0.1216	0.3405	0.0082
1	RFID	0.0323	0.0077	0.1570	1.5655	0.0075
1	EMPIRICAL RESEARCH	0.0323	0.0385	0.1051	-0.1796	0.0103
1	GREEN SUPPLY CHAIN MANAGEMENT	0.0323	0.0154	0.1347	0.7633	0.0103
1	SUPPLIER PERFORMANCE	0.0645	0.0231	0.2432	1.5366	0.0127
1	PROCESS VARIATION	0.0323	0.0077	0.1570	1.5655	0.0103
1	SUPPLIER RELATIONSHIP MANAGEMENT	0.0323	0.0077	0.1570	1.5655	0.0103
1	MARKETING/OPERATIONS INTERFACE	0.0323	0.0308	0.1123	0.0480	0.0065
1	EXPLOITATION	0.0323	0.0154	0.1347	0.7633	0.0073
1	SUPPLIER-SUPPLIER RELATIONSHIPS	0.0968	0.0385	0.3153	1.6883	0.0159
1	INDUCTIVE	0.0323	0.0231	0.1216	0.3405	0.0082
1	INFORMATION TECHNOLOGY	0.0645	0.0462	0.1984	0.4873	0.0103
1	MIS-OPERATIONS INTERFACE	0.0645	0.0231	0.2432	1.5366	0.0103
1	THEORY	0.0323	0.0308	0.1123	0.0480	0.0082
1	GOAL-PROGRAMMING	0.0323	0.0077	0.1570	1.5655	0.0103
1	SOCIALIZATION	0.0645	0.0154	0.2693	2.2226	0.0124
1	SUSTAINABLE DEVELOPMENT INNOVATION	0.0323	0.0077	0.1570	1.5655	0.0103
1	LEAD TIME	0.0323	0.0077	0.1570	1.5655	0.0067
1	PERFORMANCE	0.0323	0.0154	0.1347	0.7633	0.0103
1	RESOURCE-BASED VIEW	0.0323	0.0077	0.1570	1.5655	0.0072
1	SERVICE OPERATIONS	0.0645	0.0538	0.1885	0.2632	0.0100
1	MODULARITY	0.0323	0.0077	0.1570	1.5655	0.0103
1	THEORY BUILDING	0.0323	0.0308	0.1123	0.0480	0.0082
1	OPEN STANDARDS	0.0323	0.0077	0.1570	1.5655	0.0103
1	STRUCTURAL EQUATION MODELING	0.0323	0.0077	0.1570	1.5655	0.0073
1	INTEGRALITY	0.0323	0.0077	0.1570	1.5655	0.0103
1	RELATIONAL CAPITAL	0.0323	0.0077	0.1570	1.5655	0.0065
1	DECISION-MAKING	0.0323	0.0154	0.1347	0.7633	0.0103
1	INTERNATIONAL MANUFACTURING	0.0323	0.0154	0.1347	0.7633	0.0103
1	SUPPLY CHAIN MANAGEMENT PRACTICES	0.0323	0.0077	0.1570	1.5655	0.0103
1	STRATEGIC NETWORKS	0.0645	0.0154	0.2693	2.2226	0.0100
1	CASE STUDY RESEARCH	0.0645	0.1154	0.1393	-0.8865	0.0117
1	MASTER PRODUCTION SCHEDULING	0.0323	0.0154	0.1347	0.7633	0.0060
1	SUPPLY NETWORKS	0.0968	0.0308	0.3369	2.1281	0.0152
1	MANUFACTURING STRATEGY	0.0323	0.0462	0.0992	-0.3687	0.0067
1	EMPIRICAL STUDY	0.0645	0.0154	0.2693	2.2226	0.0100
1	TRADEOFFS MODELING	0.0323	0.0077	0.1570	1.5655	0.0103
1	POST-IMPLEMENTATION	0.0323	0.0077	0.1570	1.5655	0.0103
1	DEDUCTIVE	0.0323	0.0231	0.1216	0.3405	0.0082
1	EMPIRICAL RESEARCH METHODS	0.0323	0.0077	0.1570	1.5655	0.0067
1	IT USE	0.0323	0.0077	0.1570	1.5655	0.0073
1	SUPPLY CHAIN COMPLEXITY	0.0323	0.0077	0.1570	1.5655	0.0067
1	INFORMATION TRANSFER	0.0323	0.0077	0.1570	1.5655	0.0067
1	CONCURRENT ENGINEERING	0.0323	0.0077	0.1570	1.5655	0.0103
1	SUPPLY CHAIN	0.0968	0.0538	0.2827	1.0589	0.0176
1	RESOURCE-BASED THEORY	0.0323	0.0308	0.1123	0.0480	0.0063
1	SOCIAL NETWORK ANALYSIS	0.0645	0.0154	0.2693	2.2226	0.0101
1	SUPPLIER-FACING PROCESS CAPABILITIES	0.0323	0.0077	0.1570	1.5655	0.0103
1	CASE STUDY/RESEARCH METHODS	0.0645	0.0231	0.2432	1.5366	0.0103
1	MARKET MEDIATION	0.0323	0.0077	0.1570	1.5655	0.0067
1	TRIADS	0.0323	0.0154	0.1347	0.7633	0.0068
1	ERP	0.0323	0.0077	0.1570	1.5655	0.0103
1	RELATIONSHIP	0.0323	0.0077	0.1570	1.5655	0.0072
1	OPERATION STRATEGY	0.0645	0.0308	0.2246	1.0880	0.0117
1	COMPLEXITY THEORY	0.0323	0.0077	0.1570	1.5655	0.0103
1	TESTING	0.0323	0.0231	0.1216	0.3405	0.0082
1	CO-OPETITION	0.0323	0.0154	0.1347	0.7633	0.0068
1	SUPPLY CHAIN DESIGN	0.0323	0.0077	0.1570	1.5655	0.0103
1	VALUE-CHAIN MANAGEMENT	0.0645	0.0231	0.2432	1.5366	0.0103
1	ELWOOD SPENCER BUFFA	0.0323	0.0077	0.1570	1.5655	0.0103
1	BUYER-SUPPLIER RELATIONSHIPS	0.0645	0.0231	0.2432	1.5366	0.0103
1	ELECTRONIC COMMERCE	0.0645	0.0154	0.2693	2.2226	0.0100
1	OPERATIONS STRATEGY	0.1290	0.0692	0.3446	1.3117	0.0189
1	NETWORK INDICES	0.0645	0.0154	0.2693	2.2226	0.0101
1	COMPLEXITY	0.0645	0.0385	0.2102	0.7543	0.0101
1	CASE STUDIES	0.1935	0.1308	0.3937	1.0368	0.0331
1	NETWORK STRUCTURE	0.0645	0.0154	0.2693	2.2226	0.0101
1	TECHNOLOGY ADOPTION	0.0323	0.0077	0.1570	1.5655	0.0075
1	DIVERSIFICATION	0.0323	0.0077	0.1570	1.5655	0.0103
