CommunityID	Keywords	TF	DF	TF-IDF	Sigma	TextRank
0	FINANCIAL ANALYSIS	0.0089	0.0028	0.0526	1.7514	0.0020
0	PRODUCT DEVELOPMENT	0.0089	0.0028	0.0526	1.7514	0.0026
0	E-PROCUREMENT	0.0089	0.0069	0.0444	0.3596	0.0022
0	INDUSTRIALIZATION	0.0089	0.0042	0.0489	1.1085	0.0028
0	UNCERTAINTY	0.0045	0.0028	0.0263	0.4810	0.0017
0	SUPPLY CHAIN MANAGEMENT	0.0714	0.0638	0.1966	0.4671	0.0153
0	INFORMATION SYSTEMS CAPABILITIES	0.0045	0.0014	0.0294	1.2376	0.0026
0	QUALITATIVE DATA	0.0089	0.0028	0.0526	1.7514	0.0026
0	LEAN MANUFACTURING PRACTICES	0.0134	0.0097	0.0621	0.5623	0.0028
0	JOB DESIGN	0.0134	0.0042	0.0734	2.1465	0.0018
0	SUPPLY CHAIN KNOWLEDGE	0.0045	0.0014	0.0294	1.2376	0.0026
0	KNOWLEDGE MANAGEMENT	0.0089	0.0180	0.0359	-1.0238	0.0017
0	SUPPLY MANAGEMENT	0.0268	0.0097	0.1241	2.6066	0.0066
0	INDUSTRY EXCHANGE	0.0223	0.0069	0.1110	2.7750	0.0031
0	LABOR PRODUCTIVITY	0.0089	0.0042	0.0489	1.1085	0.0031
0	FIT	0.0089	0.0042	0.0489	1.1085	0.0017
0	SECONDARY DATA	0.0179	0.0055	0.0928	2.4803	0.0040
0	OPERATIONS MANAGEMENT	0.0134	0.0125	0.0587	0.1227	0.0043
0	HEALTHCARE OPERATIONS	0.0268	0.0250	0.0988	0.1746	0.0054
0	THEORY DEVELOPMENT	0.0446	0.0374	0.1466	0.5672	0.0042
0	LOGISTICS/DISTRIBUTION	0.0045	0.0028	0.0263	0.4810	0.0013
0	THE FIT BETWEEN PLANT AND SUPPLIER FLEXIBILITY	0.0045	0.0028	0.0263	0.4810	0.0021
0	LOGISTICS	0.0045	0.0014	0.0294	1.2376	0.0014
0	INNOVATION CAPABILITY	0.0134	0.0069	0.0666	1.1647	0.0028
0	JOURNALS IN OM	0.0045	0.0014	0.0294	1.2376	0.0019
0	SUPPLIER MANAGEMENT	0.0045	0.0139	0.0191	-1.2036	0.0019
0	INFINITE-SERVER QUEUES	0.0045	0.0014	0.0294	1.2376	0.0026
0	EMPIRICAL METHODS	0.0089	0.0055	0.0464	0.6812	0.0019
0	THEORY OF PERFORMANCE FRONTIERS	0.0045	0.0083	0.0214	-0.6355	0.0021
0	MARKET PERFORMANCE	0.0045	0.0014	0.0294	1.2376	0.0026
0	TAXONOMY	0.0045	0.0014	0.0294	1.2376	0.0013
0	INVENTORY PERFORMANCE	0.0089	0.0028	0.0526	1.7514	0.0029
0	PRIORITY RULE	0.0045	0.0014	0.0294	1.2376	0.0016
0	CONTROL THEORY	0.0134	0.0083	0.0641	0.8355	0.0025
0	EMPIRICAL RESEARCH	0.0848	0.1442	0.1642	-2.5314	0.0177
0	MIS/OPERATIONS INTERFACE	0.0045	0.0028	0.0263	0.4810	0.0013
0	SUSTAINABLE OPERATIONS MANAGEMENT	0.0089	0.0028	0.0526	1.7514	0.0026
0	OM RESEARCH	0.0045	0.0014	0.0294	1.2376	0.0019
0	EXPLOITATION	0.0045	0.0194	0.0176	-1.6219	0.0015
0	WORKING CAPITAL	0.0045	0.0028	0.0263	0.4810	0.0018
0	DYNAMISM	0.0312	0.0111	0.1407	2.8796	0.0033
0	MAINTENANCE AND RELIABILITY	0.0045	0.0055	0.0232	-0.2183	0.0014
0	LEAN PRODUCTION	0.1161	0.0485	0.3511	4.7027	0.0116
0	OFFERED LOAD ANALYSIS	0.0045	0.0014	0.0294	1.2376	0.0026
0	MAINTENANCE	0.0134	0.0097	0.0621	0.5623	0.0028
0	MASS CUSTOMIZATION	0.0223	0.0111	0.1005	1.6039	0.0036
0	STRONG INFERENCE	0.0089	0.0042	0.0489	1.1085	0.0017
0	OPERATIONS STRATEGY	0.0402	0.0444	0.1252	-0.3055	0.0066
0	INTRINSIC MOTIVATION	0.0134	0.0042	0.0734	2.1465	0.0018
0	RELATIONAL VIEW	0.0045	0.0014	0.0294	1.2376	0.0015
0	LEANNESS	0.0223	0.0097	0.1035	1.9252	0.0029
0	LEAN OPERATIONS	0.0312	0.0111	0.1407	2.8796	0.0033
0	IMPLEMENTATION	0.0045	0.0042	0.0245	0.0705	0.0017
0	THEORY BUILDING	0.0089	0.0166	0.0366	-0.9026	0.0027
0	CONSTRAINING-FACTOR MODEL	0.0045	0.0014	0.0294	1.2376	0.0022
0	SHOPFLOOR BEHAVIOR	0.0089	0.0042	0.0489	1.1085	0.0027
0	OUTSOURCING	0.0089	0.0139	0.0382	-0.6323	0.0019
0	RELATIONSHIP COMMITMENT	0.0179	0.0069	0.0888	1.9698	0.0029
0	EXPLORATION	0.0045	0.0194	0.0176	-1.6219	0.0015
0	PIONEERS	0.0045	0.0014	0.0294	1.2376	0.0015
0	COMMITMENT THEORY	0.0134	0.0083	0.0641	0.8355	0.0025
0	PLANT PERFORMANCE	0.0045	0.0028	0.0263	0.4810	0.0021
0	AGILITY	0.0268	0.0111	0.1206	2.2418	0.0036
0	BUSINESS SYSTEMS	0.0179	0.0097	0.0828	1.2438	0.0032
0	MULTINATIONAL FIRMS	0.0045	0.0014	0.0294	1.2376	0.0014
0	EMPIRICAL RESEARCH METHODS	0.0491	0.0416	0.1561	0.5620	0.0098
0	DESIGN-MANUFACTURING INTEGRATION	0.0045	0.0014	0.0294	1.2376	0.0012
0	INFORMATION PROCESSING	0.0045	0.0014	0.0294	1.2376	0.0017
0	INTELLECTUAL CAPITAL	0.0045	0.0014	0.0294	1.2376	0.0026
0	FIELD RESEARCH	0.0045	0.0083	0.0214	-0.6355	0.0016
0	MODERATED POLYNOMIAL REGRESSION	0.0045	0.0042	0.0245	0.0705	0.0013
0	WORKER EXPERTISE	0.0045	0.0014	0.0294	1.2376	0.0026
0	OPPORTUNISM	0.0045	0.0028	0.0263	0.4810	0.0017
0	MAKE-TO-ORDER	0.0045	0.0014	0.0294	1.2376	0.0026
0	RESOURCE CONSTRAINTS	0.0223	0.0097	0.1035	1.9252	0.0029
0	PATIENT SAFETY INITIATIVES	0.0134	0.0083	0.0641	0.8355	0.0025
0	MODULARITY	0.0045	0.0014	0.0294	1.2376	0.0026
0	INDIVIDUALISM/COLLECTIVISM	0.0045	0.0083	0.0214	-0.6355	0.0021
0	OPERATIONAL FAILURES	0.0045	0.0055	0.0232	-0.2183	0.0014
0	WORKLOAD CONTROL	0.0045	0.0014	0.0294	1.2376	0.0026
0	LABORATORY EXPERIMENTS	0.0045	0.0028	0.0263	0.4810	0.0017
0	ASIA	0.0089	0.0180	0.0359	-1.0238	0.0036
0	IMPLEMENTATION OBSTACLES	0.0045	0.0014	0.0294	1.2376	0.0017
0	PROCEDURAL RATIONALITY	0.0045	0.0014	0.0294	1.2376	0.0017
0	SECONDARY MEASURES OF PERFORMANCE	0.0089	0.0028	0.0526	1.7514	0.0026
0	META-ANALYSIS	0.0268	0.0277	0.0960	-0.0869	0.0039
0	ELECTRONIC COMMERCE	0.0223	0.0069	0.1110	2.7750	0.0031
0	SERVER STAFFING	0.0045	0.0014	0.0294	1.2376	0.0026
0	DYNAMIC CAPABILITIES	0.0045	0.0042	0.0245	0.0705	0.0012
0	JUST-IN-TIME	0.0268	0.0125	0.1174	1.9281	0.0061
0	PRODUCT ARCHITECTURE	0.0045	0.0014	0.0294	1.2376	0.0026
0	TOYOTA	0.0045	0.0014	0.0294	1.2376	0.0026
0	JIT	0.0045	0.0014	0.0294	1.2376	0.0026
0	SIMULATION	0.0045	0.0028	0.0263	0.4810	0.0016
0	COMPLEXITY	0.0402	0.0166	0.1646	2.7533	0.0046
0	ENVIRONMENTAL ISSUES	0.0045	0.0042	0.0245	0.0705	0.0017
0	CYCLES	0.0045	0.0014	0.0294	1.2376	0.0026
0	AIRCRAFT MANUFACTURING	0.0223	0.0097	0.1035	1.9252	0.0026
0	INVENTORY EFFICIENCY	0.0089	0.0028	0.0526	1.7514	0.0026
0	FIRM PERFORMANCE	0.0045	0.0180	0.0179	-1.5259	0.0013
0	BEHAVIORAL OPERATIONS MANAGEMENT	0.0045	0.0014	0.0294	1.2376	0.0017
0	ACCOUNTING/OPERATIONS INTERFACE	0.0089	0.0028	0.0526	1.7514	0.0020
0	EMPIRICAL ANALYSIS	0.0045	0.0014	0.0294	1.2376	0.0013
0	MIXED-METHODS RESEARCH	0.0089	0.0042	0.0489	1.1085	0.0017
0	COMPETITION	0.0045	0.0014	0.0294	1.2376	0.0017
0	ACADEMIC DISCIPLINE	0.0045	0.0014	0.0294	1.2376	0.0015
0	FORMALIZATION	0.0045	0.0042	0.0245	0.0705	0.0013
0	QUALITY MANAGEMENT	0.0491	0.2344	0.0712	-6.5463	0.0084
0	STATISTICAL ANALYSIS	0.0045	0.0125	0.0196	-1.0809	0.0014
0	REPLICATION RESEARCH	0.0045	0.0097	0.0207	-0.8005	0.0011
0	ELECTRONIC DATA INTERCHANGE	0.0045	0.0028	0.0263	0.4810	0.0015
0	LEAD TIME ANALYSIS	0.0045	0.0014	0.0294	1.2376	0.0026
0	REGRESSION ANALYSIS	0.0045	0.0069	0.0222	-0.4456	0.0014
0	SUSTAINABILITY	0.0045	0.0014	0.0294	1.2376	0.0013
0	FINANCIAL/ECONOMIC ANALYSIS	0.0134	0.0055	0.0696	1.5807	0.0023
0	LABORATORY RESEARCH	0.0045	0.0083	0.0214	-0.6355	0.0016
0	LEARNING	0.0223	0.0139	0.0955	1.0816	0.0029
0	RELATIONSHIP QUALITY	0.0045	0.0014	0.0294	1.2376	0.0026
0	LEAN BUNDLES	0.0134	0.0097	0.0621	0.5623	0.0028
0	MOA FRAMEWORK	0.0045	0.0014	0.0294	1.2376	0.0022
0	ROUTINES	0.0134	0.0097	0.0621	0.5623	0.0028
0	CONTINGENCY THEORY	0.0759	0.0666	0.2056	0.5595	0.0117
0	HUMAN RESOURCE/OPERATIONS INTERFACE	0.0089	0.0028	0.0526	1.7514	0.0023
0	COMBINATIVE COMPETITIVE CAPABILITIES	0.0045	0.0014	0.0294	1.2376	0.0015
0	CONFIRMATORY FACTOR ANALYSIS	0.0312	0.0125	0.1370	2.5299	0.0030
0	JUST-IN-TIME PURCHASING	0.0134	0.0055	0.0696	1.5807	0.0027
0	SURVEYS	0.0045	0.0014	0.0294	1.2376	0.0014
0	STOCK MARKET RISK	0.0089	0.0028	0.0526	1.7514	0.0026
0	MBNQA	0.0089	0.0097	0.0414	-0.1191	0.0020
0	STRUCTURAL EQUATIONS MODELING	0.0089	0.0042	0.0489	1.1085	0.0026
0	CROSS-FUNCTIONAL INTERFACE	0.0045	0.0042	0.0245	0.0705	0.0017
0	INTER-ORGANIZATIONAL COMMUNICATION	0.0045	0.0028	0.0263	0.4810	0.0020
0	GLOBAL OPERATIONS	0.0089	0.0139	0.0382	-0.6323	0.0023
0	E-COLLABORATION	0.0045	0.0028	0.0263	0.4810	0.0016
0	STRATEGIC IT ALIGNMENT	0.0045	0.0014	0.0294	1.2376	0.0026
0	ABSORPTIVE CAPACITY	0.0045	0.0014	0.0294	1.2376	0.0017
0	LITERATURE REVIEW	0.0134	0.0125	0.0587	0.1227	0.0044
0	TRADEOFFS	0.0179	0.0055	0.0928	2.4803	0.0029
0	PROCESS CONTROL	0.0134	0.0055	0.0696	1.5807	0.0031
0	INFORMATION TECHNOLOGY	0.0134	0.0111	0.0603	0.3282	0.0031
0	CONTEXTUAL FACTORS	0.0134	0.0125	0.0587	0.1227	0.0028
0	CLASSIFICATION	0.0089	0.0042	0.0489	1.1085	0.0028
0	ORGANIZATIONAL PERFORMANCE	0.0223	0.0277	0.0800	-0.4938	0.0047
0	CAPABILITY DEVELOPMENT	0.0179	0.0097	0.0828	1.2438	0.0023
0	KNOWLEDGE EXCHANGE	0.0045	0.0014	0.0294	1.2376	0.0015
0	HORIZONTAL SUPPLY CHAIN RELATIONS	0.0045	0.0014	0.0294	1.2376	0.0026
0	EFQM EXCELLENCE MODEL	0.0089	0.0097	0.0414	-0.1191	0.0020
0	SERVICE OPERATIONS	0.0223	0.0277	0.0800	-0.4938	0.0053
0	LEAN	0.0045	0.0014	0.0294	1.2376	0.0026
0	BTO	0.0045	0.0014	0.0294	1.2376	0.0026
0	STRUCTURAL EQUATION MODELING	0.0402	0.0402	0.1291	-0.0033	0.0081
0	AGENCY THEORY	0.0089	0.0083	0.0428	0.1000	0.0019
0	SUPPLY CHAIN MANAGEMENT SYSTEMS	0.0045	0.0014	0.0294	1.2376	0.0026
0	PRODUCTION MANAGEMENT	0.0045	0.0014	0.0294	1.2376	0.0018
0	LONG-TERM STOCK RETURNS	0.0089	0.0028	0.0526	1.7514	0.0020
0	IT INTEGRATION	0.0045	0.0014	0.0294	1.2376	0.0015
0	VENTURES	0.0045	0.0042	0.0245	0.0705	0.0013
0	MANUFACTURING PERFORMANCE	0.0312	0.0222	0.1190	0.9204	0.0063
0	EMPIRICAL STUDY	0.0045	0.0042	0.0245	0.0705	0.0016
0	JOB OUTCOMES	0.0045	0.0014	0.0294	1.2376	0.0026
0	OPERATIONAL PERFORMANCE	0.0179	0.0125	0.0783	0.7245	0.0039
0	SUPPLY CHAIN COMPLEXITY	0.0089	0.0028	0.0526	1.7514	0.0020
0	INTERNATIONAL ISSUE	0.0045	0.0014	0.0294	1.2376	0.0019
0	SUPPLY CHAIN INTEGRATION	0.0312	0.0125	0.1370	2.5299	0.0049
0	CONSTRUCT VALIDITY	0.0134	0.0055	0.0696	1.5807	0.0027
0	REGRESSION	0.0134	0.0139	0.0573	-0.0610	0.0031
0	JIT SYSTEMS	0.0134	0.0042	0.0734	2.1465	0.0027
0	PERFORMANCE MANAGEMENT	0.0089	0.0042	0.0489	1.1085	0.0027
0	PROCESS MANAGEMENT	0.0179	0.0139	0.0764	0.5103	0.0032
0	SURVEY	0.0045	0.0028	0.0263	0.4810	0.0015
0	LATENT CLASSES	0.0268	0.0139	0.1146	1.6529	0.0026
0	DISTRIBUTION	0.0045	0.0014	0.0294	1.2376	0.0014
0	RESOURCE-BASED VIEW OF THE FIRM	0.0045	0.0083	0.0214	-0.6355	0.0021
0	OPERATIONAL ABSORPTIVE CAPACITY	0.0045	0.0014	0.0294	1.2376	0.0026
0	CLUSTER ANALYSIS	0.0045	0.0028	0.0263	0.4810	0.0013
0	FLOWSHOPS	0.0045	0.0014	0.0294	1.2376	0.0016
0	BUYER-SUPPLIER RELATIONSHIPS AND PERFORMANCE	0.0045	0.0028	0.0263	0.4810	0.0020
0	QUALITY INITIATIVES	0.0045	0.0028	0.0263	0.4810	0.0013
0	OPERATION STRATEGY	0.0089	0.0042	0.0489	1.1085	0.0030
0	LONGITUDINAL METHODS	0.0045	0.0028	0.0263	0.4810	0.0018
0	POWER ANALYSIS	0.0045	0.0028	0.0263	0.4810	0.0021
0	PROCESS CHARACTERISTICS	0.0045	0.0014	0.0294	1.2376	0.0026
0	STOCK PRICE PERFORMANCE	0.0089	0.0042	0.0489	1.1085	0.0020
0	LEAN PURCHASING	0.0312	0.0111	0.1407	2.8796	0.0033
0	SIX SIGMA	0.0357	0.0680	0.0960	-1.9176	0.0050
0	STRATEGIC SUPPLY MANAGEMENT	0.0045	0.0028	0.0263	0.4810	0.0013
0	SUPPLY CHAIN PROCESS	0.0045	0.0014	0.0294	1.2376	0.0026
0	RESOURCE BASED VIEW	0.0089	0.0028	0.0526	1.7514	0.0026
0	IT CAPABILITY	0.0089	0.0028	0.0526	1.7514	0.0026
0	SUPPLIER SELECTION	0.0045	0.0014	0.0294	1.2376	0.0017
0	CASE STUDIES	0.0045	0.0083	0.0214	-0.6355	0.0026
0	TOTAL QUALITY MANAGEMENT	0.0312	0.0624	0.0867	-1.9281	0.0059
0	MAKE VERSUS BUY	0.0045	0.0042	0.0245	0.0705	0.0016
0	KNOWLEDGE SHARING	0.0089	0.0042	0.0489	1.1085	0.0038
0	STRATEGIC SUPPLY NETWORKS	0.0045	0.0014	0.0294	1.2376	0.0026
0	ENVIRONMENTAL COMPLEXITY	0.0045	0.0014	0.0294	1.2376	0.0026
0	QUEUEING ANALYSIS	0.0045	0.0014	0.0294	1.2376	0.0026
0	OPERATION AND HUMAN RESOURCE MANAGEMENT PRACTICES	0.0268	0.0139	0.1146	1.6529	0.0026
0	VARIABILITY	0.0179	0.0097	0.0828	1.2438	0.0032
0	INTERNATIONAL OPERATIONS	0.0089	0.0042	0.0489	1.1085	0.0028
0	GLOBE	0.0089	0.0069	0.0444	0.3596	0.0022
0	SCALE DEVELOPMENT	0.0312	0.0139	0.1337	2.2243	0.0030
0	QUESTIONNAIRES/SURVEYS/INTERVIEWS	0.0179	0.0180	0.0717	-0.0195	0.0047
0	OPERATING TRADE-OFFS	0.0179	0.0097	0.0828	1.2438	0.0032
0	PERFORMANCE MEASUREMENT	0.0134	0.0083	0.0641	0.8355	0.0041
0	CONTINUOUS IMPROVEMENT	0.0045	0.0042	0.0245	0.0705	0.0012
0	METHODOLOGY	0.0045	0.0042	0.0245	0.0705	0.0016
0	NATIONAL CULTURE	0.0045	0.0028	0.0263	0.4810	0.0018
0	KNOWLEDGE WORK	0.0223	0.0083	0.1069	2.3065	0.0029
0	BOSC	0.0045	0.0014	0.0294	1.2376	0.0026
0	BALDRIGE AWARD	0.0045	0.0042	0.0245	0.0705	0.0026
0	AUTONOMY	0.0134	0.0042	0.0734	2.1465	0.0018
0	CULTURE	0.0045	0.0208	0.0173	-1.7134	0.0021
0	SOCIAL IDENTITY THEORY	0.0045	0.0014	0.0294	1.2376	0.0015
0	START-UPS	0.0045	0.0028	0.0263	0.4810	0.0018
0	CORPORATE PERFORMANCE	0.0179	0.0166	0.0731	0.1420	0.0024
0	MANAGERIAL PRACTICES	0.0045	0.0028	0.0263	0.4810	0.0015
0	NATIONAL AND ORGANIZATIONAL CULTURE	0.0089	0.0069	0.0444	0.3596	0.0022
0	INDUSTRIAL REVOLUTION	0.0045	0.0014	0.0294	1.2376	0.0018
0	TACIT KNOWLEDGE	0.0089	0.0055	0.0464	0.6812	0.0017
0	E-COMMERCE	0.0045	0.0055	0.0232	-0.2183	0.0017
0	RELATION-SPECIFIC INVESTMENTS	0.0045	0.0014	0.0294	1.2376	0.0015
0	DEMAND VOLATILITY	0.0045	0.0014	0.0294	1.2376	0.0016
0	FRAMEWORK	0.0089	0.0042	0.0489	1.1085	0.0028
0	OWNERSHIP	0.0179	0.0055	0.0928	2.4803	0.0029
0	CHINA	0.0223	0.0083	0.1069	2.3065	0.0039
0	OPERATIONS/IT INTERFACE	0.0089	0.0028	0.0526	1.7514	0.0026
0	PROJECT MANAGEMENT	0.0045	0.0014	0.0294	1.2376	0.0026
0	MANUFACTURING PROCESS INNOVATION	0.0045	0.0014	0.0294	1.2376	0.0026
0	SUPPLY CHAIN IN INDIA	0.0045	0.0028	0.0263	0.4810	0.0021
0	LEAN MANAGEMENT	0.0045	0.0042	0.0245	0.0705	0.0012
0	OM HISTORY	0.0045	0.0042	0.0245	0.0705	0.0016
0	EVENT STUDY	0.0402	0.0499	0.1204	-0.6701	0.0051
0	EMPLOYEE WELL-BEING	0.0089	0.0028	0.0526	1.7514	0.0026
0	IT BUSINESS VALUE	0.0045	0.0014	0.0294	1.2376	0.0016
0	PURCHASING	0.0045	0.0180	0.0179	-1.5259	0.0014
0	INFORMATION FLOW	0.0089	0.0069	0.0444	0.3596	0.0022
0	COUNTRY DEVELOPMENT	0.0089	0.0069	0.0444	0.3596	0.0022
0	ELECTRONICS INDUSTRY	0.0045	0.0166	0.0183	-1.4248	0.0013
0	TRANSFORMATIONAL LEADERSHIP	0.0045	0.0014	0.0294	1.2376	0.0023
0	FINANCIAL PERFORMANCE	0.0045	0.0125	0.0196	-1.0809	0.0014
0	PROCESS IMPROVEMENT	0.0491	0.0347	0.1651	1.1807	0.0060
0	OM EMPIRICAL RESEARCH	0.0045	0.0014	0.0294	1.2376	0.0015
0	WAREHOUSE ACCIDENTS	0.0045	0.0014	0.0294	1.2376	0.0023
0	MULTIVARIATE STATISTICS	0.0045	0.0014	0.0294	1.2376	0.0013
0	FINANCE/OPERATIONS INTERFACE	0.0134	0.0042	0.0734	2.1465	0.0029
0	CASE STUDY RESEARCH	0.0045	0.0069	0.0222	-0.4456	0.0019
0	ORGANIZATIONAL LEARNING	0.0134	0.0139	0.0573	-0.0610	0.0025
0	MULTIVARIATE STATISTICAL TECHNIQUES	0.0045	0.0083	0.0214	-0.6355	0.0016
0	MANUFACTURING STRATEGY	0.0491	0.0402	0.1578	0.6768	0.0090
0	CROSS-LEVEL LONGITUDINAL ANALYSIS	0.0134	0.0042	0.0734	2.1465	0.0031
0	EMERGING MARKETS	0.0089	0.0028	0.0526	1.7514	0.0027
0	HIERARCHICAL LINEAR MODELS	0.0045	0.0042	0.0245	0.0705	0.0026
0	SAFETY CONSCIOUSNESS	0.0045	0.0014	0.0294	1.2376	0.0023
0	EXTERNAL INTEGRATION	0.0179	0.0055	0.0928	2.4803	0.0029
0	PROFITABILITY	0.0179	0.0069	0.0888	1.9698	0.0048
0	CASE STUDY	0.0089	0.0111	0.0402	-0.3096	0.0023
0	INVENTORY	0.0312	0.0097	0.1448	3.2880	0.0068
0	BORDERLINE SAMPLED INTERACTION ANALYSIS	0.0045	0.0028	0.0263	0.4810	0.0021
0	MEDICAL ERRORS	0.0045	0.0055	0.0232	-0.2183	0.0014
0	LEARNING CURVES	0.0223	0.0097	0.1035	1.9252	0.0026
0	CUMULATIVE CAPABILITIES	0.0179	0.0055	0.0928	2.4803	0.0029
0	HEALTH CARE SUPPLY CHAIN	0.0045	0.0014	0.0294	1.2376	0.0015
0	MIXED MODELS	0.0134	0.0042	0.0734	2.1465	0.0029
0	INVENTORY DYNAMICS	0.0089	0.0028	0.0526	1.7514	0.0020
0	INNOVATION	0.0045	0.0055	0.0232	-0.2183	0.0013
0	INFORMATION SYSTEMS AND TECHNOLOGY	0.0045	0.0042	0.0245	0.0705	0.0016
0	RESOURCE-BASED VIEW	0.0134	0.0111	0.0603	0.3282	0.0028
0	PROCESS QUALITY	0.0045	0.0042	0.0245	0.0705	0.0026
0	IMPROVEMENT CAPABILITY	0.0134	0.0069	0.0666	1.1647	0.0028
0	ACCOUNTING/OPERATIONS	0.0089	0.0028	0.0526	1.7514	0.0020
0	ORGANIZATIONAL STRUCTURE	0.0134	0.0264	0.0487	-1.2109	0.0022
0	TEAMS	0.0134	0.0097	0.0621	0.5623	0.0027
0	APPLICATIONS	0.0045	0.0083	0.0214	-0.6355	0.0016
0	US MANUFACTURERS IN INDIA	0.0045	0.0028	0.0263	0.4810	0.0021
0	COLLABORATIVE PROCESS COMPETENCE	0.0045	0.0014	0.0294	1.2376	0.0017
0	STRATEGIC ALIGNMENT	0.0045	0.0014	0.0294	1.2376	0.0014
0	TOTAL EFFECTS	0.0045	0.0097	0.0207	-0.8005	0.0011
0	ENVIRONMENTAL MANAGEMENT	0.0089	0.0028	0.0526	1.7514	0.0027
0	CAPACITY PLANNING	0.0045	0.0014	0.0294	1.2376	0.0026
0	ADVANCED RESOURCES PLANNING	0.0045	0.0014	0.0294	1.2376	0.0026
0	META-ANALYSIS OF CORRELATIONS	0.0357	0.0125	0.1566	3.1317	0.0032
0	SOFTWARE	0.0223	0.0083	0.1069	2.3065	0.0029
0	BUYER-SUPPLIER RELATIONSHIPS	0.0089	0.0028	0.0526	1.7514	0.0029
0	CONTINGENCY RESEARCH	0.0402	0.0374	0.1320	0.2153	0.0051
0	PROCESS PERFORMANCE	0.0045	0.0014	0.0294	1.2376	0.0026
0	PLANT FLEXIBILITY	0.0045	0.0028	0.0263	0.4810	0.0021
0	SMALL AND MEDIUM SIZED ENTERPRISES (SMES)	0.0179	0.0097	0.0828	1.2438	0.0023
0	DISRUPTION RISK MITIGATION AND RESPONSE	0.0045	0.0014	0.0294	1.2376	0.0010
0	COLLABORATIVE COMPETENCE	0.0089	0.0028	0.0526	1.7514	0.0026
0	KNOWLEDGE-BASED VIEW, RELATIONAL VIEW	0.0045	0.0014	0.0294	1.2376	0.0017
0	TRUST	0.0089	0.0042	0.0489	1.1085	0.0026
0	TOBIN'S Q	0.0045	0.0014	0.0294	1.2376	0.0026
0	THE NATURAL ENVIRONMENT	0.0089	0.0028	0.0526	1.7514	0.0026
0	RELATIONAL COMPETENCY	0.0045	0.0028	0.0263	0.4810	0.0020
0	SOURCING STRATEGY	0.0045	0.0042	0.0245	0.0705	0.0016
0	HUMAN OPERATIONS INTERFACE	0.0045	0.0014	0.0294	1.2376	0.0013
0	CAPABILITIES	0.0179	0.0083	0.0855	1.5710	0.0038
0	STRUCTURAL EQUATION MODELS	0.0089	0.0097	0.0414	-0.1191	0.0020
0	HIERARCHICAL LINEAR MODELING	0.0089	0.0097	0.0414	-0.1191	0.0022
0	PSYCHOLOGICAL SAFETY	0.0045	0.0014	0.0294	1.2376	0.0026
0	LATENT GROWTH AND MULTI-LEVEL MODELS	0.0268	0.0139	0.1146	1.6529	0.0026
0	KNOWLEDGE MANAGEMENT AND LEARNING	0.0089	0.0028	0.0526	1.7514	0.0016
0	DELIVERY PERFORMANCE	0.0045	0.0028	0.0263	0.4810	0.0015
0	BEHAVIORAL OPERATIONS	0.0089	0.0042	0.0489	1.1085	0.0041
0	CONVERGENCE/DIVERGENCE	0.0089	0.0069	0.0444	0.3596	0.0022
0	BOTTLENECK	0.0045	0.0014	0.0294	1.2376	0.0022
0	QUALITATIVE RESEARCH	0.0089	0.0097	0.0414	-0.1191	0.0025
0	INTERDISCIPLINARY	0.0045	0.0222	0.0170	-1.8011	0.0013
0	ORGANIZATIONAL BEHAVIOR	0.0045	0.0139	0.0191	-1.2036	0.0013
0	US MANUFACTURING INDUSTRIES	0.0045	0.0014	0.0294	1.2376	0.0017
0	MANUFACTURING FLEXIBILITY	0.0089	0.0069	0.0444	0.3596	0.0022
0	SATISFACTION	0.0089	0.0069	0.0444	0.3596	0.0022
0	FIRM SURVIVAL	0.0045	0.0028	0.0263	0.4810	0.0018
0	CASE RESEARCH	0.0045	0.0014	0.0294	1.2376	0.0015
0	EXCESS INVENTORY	0.0089	0.0028	0.0526	1.7514	0.0020
0	COOPETITION	0.0045	0.0014	0.0294	1.2376	0.0026
0	MARKETING	0.0134	0.0042	0.0734	2.1465	0.0029
0	MARKETING/OPERATIONS INTERFACE	0.0089	0.0028	0.0526	1.7514	0.0025
0	PRODUCTION	0.0134	0.0042	0.0734	2.1465	0.0029
0	MANUFACTURING	0.0268	0.0166	0.1097	1.1865	0.0068
0	AMT	0.0045	0.0014	0.0294	1.2376	0.0012
0	IT INVESTMENT	0.0134	0.0042	0.0734	2.1465	0.0031
0	INTERNAL INTEGRATION	0.0179	0.0055	0.0928	2.4803	0.0029
0	FLEXIBLE MANUFACTURING SYSTEMS	0.0045	0.0014	0.0294	1.2376	0.0013
0	ITERATIVE PROBLEM SOLVING	0.0045	0.0014	0.0294	1.2376	0.0026
0	TIME-VARYING ARRIVAL RATES	0.0045	0.0014	0.0294	1.2376	0.0026
0	PERFORMANCE	0.0804	0.0943	0.1897	-0.7147	0.0077
0	PRODUCTIVITY	0.0045	0.0083	0.0214	-0.6355	0.0011
0	STOCK MARKET RETURNS	0.0089	0.0028	0.0526	1.7514	0.0026
0	STRATEGIC FIT	0.0045	0.0028	0.0263	0.4810	0.0009
0	QUALITY	0.0268	0.0735	0.0699	-2.6796	0.0055
0	SERVICE	0.0045	0.0083	0.0214	-0.6355	0.0016
0	AUTOMOTIVE	0.0045	0.0014	0.0294	1.2376	0.0015
0	COLLABORATIVE ENGAGEMENT	0.0045	0.0014	0.0294	1.2376	0.0017
0	SAFETY SYSTEMS	0.0045	0.0014	0.0294	1.2376	0.0023
0	POLCA	0.0045	0.0014	0.0294	1.2376	0.0026
0	OPERATIONS SAFETY	0.0045	0.0055	0.0232	-0.2183	0.0014
0	COLLABORATION	0.0045	0.0014	0.0294	1.2376	0.0017
0	PERCEIVED INTERDEPENDENCE	0.0045	0.0014	0.0294	1.2376	0.0017
0	DEFECTS	0.0045	0.0014	0.0294	1.2376	0.0026
0	JUST-IN-TIME PRACTICES	0.0357	0.0125	0.1566	3.1317	0.0032
0	SUPPLIER FLEXIBILITY	0.0045	0.0028	0.0263	0.4810	0.0021
0	ORGANIZATION THEORY	0.0089	0.0042	0.0489	1.1085	0.0017
0	ORDER RELEASE	0.0045	0.0014	0.0294	1.2376	0.0026
0	STRUCTURAL EQUATION MODEL	0.0134	0.0055	0.0696	1.5807	0.0027
0	TRENDS AND DIRECTIONS IN OM RESEARCH	0.0045	0.0014	0.0294	1.2376	0.0019
0	INVENTORY MANAGEMENT	0.0223	0.0069	0.1110	2.7750	0.0040
0	AMBIDEXTERITY	0.0045	0.0014	0.0294	1.2376	0.0015
0	SUPPLY CHAIN FIT	0.0045	0.0014	0.0294	1.2376	0.0013
0	LEAN MANUFACTURING	0.0357	0.0139	0.1528	2.7956	0.0047
0	FLEXIBILITY	0.0089	0.0069	0.0444	0.3596	0.0016
0	SAFETY	0.0089	0.0055	0.0464	0.6812	0.0020
0	CASE/FIELD STUDY	0.0223	0.0166	0.0914	0.6643	0.0026
0	COMPLEMENTARITY THEORY	0.0089	0.0028	0.0526	1.7514	0.0026
0	DISCRETE CHOICE ANALYSIS	0.0045	0.0014	0.0294	1.2376	0.0014
0	INFORMATION EXCHANGE	0.0089	0.0042	0.0489	1.1085	0.0031
0	INTEGRATION	0.0089	0.0069	0.0444	0.3596	0.0019
0	AGILE	0.0223	0.0097	0.1035	1.9252	0.0026
0	ARCHIVAL RESEARCH	0.0045	0.0083	0.0214	-0.6355	0.0016
0	LOGISTICS FULFILLMENT	0.0089	0.0069	0.0444	0.3596	0.0022
0	COMPLEMENTARY SOURCING	0.0045	0.0042	0.0245	0.0705	0.0016
0	SURVEY STUDY	0.0045	0.0014	0.0294	1.2376	0.0017
0	WIP INVENTORY	0.0045	0.0028	0.0263	0.4810	0.0021
0	E-RETAIL VALUE CHAIN	0.0045	0.0042	0.0245	0.0705	0.0016
0	SURVEY RESEARCH	0.0223	0.0194	0.0880	0.3150	0.0064
0	QUALITY MANAGEMENT MODELS	0.0045	0.0125	0.0196	-1.0809	0.0013
0	ELECTRONIC REVERSE AUCTIONS	0.0045	0.0028	0.0263	0.4810	0.0017
0	OFFSHORE MANUFACTURING	0.0134	0.0097	0.0621	0.5623	0.0026
0	EMPLOYEE SATISFACTION	0.0134	0.0111	0.0603	0.3282	0.0026
0	CARD SYSTEM	0.0045	0.0014	0.0294	1.2376	0.0026
0	HISTORY	0.0045	0.0014	0.0294	1.2376	0.0018
0	BEST PRACTICE	0.0580	0.0374	0.1906	1.6230	0.0072
0	ENVIRONMENTAL UNCERTAINTY	0.0357	0.0333	0.1215	0.2025	0.0038
0	AGILE MANUFACTURING	0.0134	0.0042	0.0734	2.1465	0.0027
0	THEORY VERIFYING	0.0045	0.0083	0.0214	-0.6355	0.0016
0	JUST-IN-TIME/KANBAN	0.0089	0.0028	0.0526	1.7514	0.0020
0	CELLULAR MANUFACTURING	0.0045	0.0014	0.0294	1.2376	0.0017
1	BEHAVIORAL THEORY	0.0028	0.0055	0.0147	-0.6898	0.0019
1	INDUSTRIALIZATION	0.0028	0.0042	0.0155	-0.3905	0.0015
1	ORGANIZATIONAL CONTEXT	0.0198	0.0097	0.0916	1.9314	0.0031
1	SUPPLY CHAIN MANAGEMENT	0.0734	0.0638	0.2021	0.7426	0.0136
1	LEAN MANUFACTURING PRACTICES	0.0113	0.0097	0.0524	0.3052	0.0028
1	OPERATING AND BUSINESS PERFORMANCE	0.0085	0.0042	0.0465	1.2608	0.0023
1	ORGANIZATIONAL SLACK	0.0141	0.0083	0.0676	1.2018	0.0025
1	OFFSHORE MANUFACTURING	0.0085	0.0097	0.0393	-0.2368	0.0017
1	POWER	0.0028	0.0014	0.0186	0.7269	0.0015
1	IMPLEMENTATION	0.0056	0.0042	0.0310	0.4352	0.0016
1	KNOWLEDGE MANAGEMENT	0.0198	0.0180	0.0794	0.2465	0.0035
1	ENVIRONMENTAL AND OPERATIONS MANAGEMENT	0.0056	0.0042	0.0310	0.4352	0.0028
1	FIELD RESEARCH	0.0113	0.0083	0.0541	0.6167	0.0027
1	METRICS	0.0028	0.0055	0.0147	-0.6898	0.0010
1	TQM	0.0621	0.0319	0.2141	3.2384	0.0100
1	AREAS FOR FUTURE RESEARCH	0.0028	0.0042	0.0155	-0.3905	0.0008
1	SOCIAL DILEMMA	0.0028	0.0014	0.0186	0.7269	0.0028
1	MANUFACTURING PRACTICES	0.0141	0.0097	0.0655	0.8473	0.0025
1	MEASUREMENT	0.0028	0.0014	0.0186	0.7269	0.0011
1	OPERATIONS MANAGEMENT	0.0141	0.0125	0.0619	0.2782	0.0043
1	EMPLOYEE DEVELOPMENT	0.0028	0.0014	0.0186	0.7269	0.0010
1	QUALITY MANAGEMENT SYSTEMS	0.0028	0.0014	0.0186	0.7269	0.0009
1	THEORY DEVELOPMENT	0.0367	0.0374	0.1206	-0.0718	0.0051
1	GRAPHICAL DISPLAYS	0.0056	0.0028	0.0333	1.0288	0.0028
1	RESEARCH METHODS	0.0028	0.0028	0.0166	0.0182	0.0013
1	SUPPLIER MANAGEMENT	0.0254	0.0139	0.1088	1.8588	0.0043
1	SIGNALING	0.0056	0.0055	0.0293	0.0258	0.0015
1	HEALTHCARE	0.0113	0.0055	0.0587	1.4569	0.0033
1	CONTEXTUAL FACTORS	0.0113	0.0125	0.0495	-0.2005	0.0028
1	FIRM PROFITABILITY	0.0028	0.0014	0.0186	0.7269	0.0009
1	CHAOS THEORY	0.0056	0.0028	0.0333	1.0288	0.0015
1	MULTI-LEVEL ANALYSES	0.0056	0.0028	0.0333	1.0288	0.0017
1	EMPIRICAL RESEARCH	0.2260	0.1442	0.4376	4.3776	0.0384
1	COMPUTERIZED PHYSICIAN ORDER ENTRY (CPOE)	0.0056	0.0028	0.0333	1.0288	0.0021
1	OPERATIONAL FAILURES	0.0028	0.0055	0.0147	-0.6898	0.0012
1	EXPLOITATION	0.0226	0.0194	0.0891	0.4338	0.0033
1	WORK SYSTEM PRACTICES	0.0028	0.0014	0.0186	0.7269	0.0016
1	SUPPLIER INVOLVEMENT	0.0028	0.0014	0.0186	0.7269	0.0028
1	LEAN PRODUCTION	0.0254	0.0485	0.0769	-2.0241	0.0053
1	ARCHEOLOGICAL BENCHMARKING	0.0028	0.0014	0.0186	0.7269	0.0017
1	MULTIPLE METHODS	0.0028	0.0014	0.0186	0.7269	0.0028
1	MASS CUSTOMIZATION	0.0028	0.0111	0.0127	-1.4856	0.0008
1	INSTITUTIONAL PERSPECTIVE	0.0113	0.0069	0.0562	0.9896	0.0020
1	LEANNESS	0.0056	0.0097	0.0262	-0.7789	0.0028
1	DESIGN QUALITY	0.0141	0.0083	0.0676	1.2018	0.0025
1	THEORY BUILDING	0.0141	0.0166	0.0578	-0.3705	0.0036
1	DEMING MANAGEMENT METHOD	0.0056	0.0028	0.0333	1.0288	0.0017
1	INTER-ORGANIZATIONAL SYSTEMS	0.0028	0.0014	0.0186	0.7269	0.0011
1	OUTSOURCING	0.0169	0.0139	0.0725	0.4954	0.0032
1	RELATIONSHIP COMMITMENT	0.0028	0.0069	0.0140	-0.9318	0.0015
1	COST	0.0056	0.0028	0.0333	1.0288	0.0017
1	EXPLORATION	0.0226	0.0194	0.0891	0.4338	0.0033
1	AGILITY	0.0056	0.0111	0.0254	-0.9782	0.0028
1	BUSINESS SYSTEMS	0.0085	0.0097	0.0393	-0.2368	0.0024
1	B2B ONLINE REVERSE AUCTIONS	0.0028	0.0014	0.0186	0.7269	0.0028
1	EMPIRICAL RESEARCH METHODS	0.0424	0.0416	0.1347	0.0720	0.0071
1	INFORMATION RICHNESS THEORY	0.0028	0.0028	0.0166	0.0182	0.0009
1	BUNDLING	0.0028	0.0014	0.0186	0.7269	0.0028
1	PRODUCT SAFETY	0.0056	0.0028	0.0333	1.0288	0.0028
1	INTERNATIONAL MANAGEMENT	0.0056	0.0028	0.0333	1.0288	0.0028
1	INSTRUMENT DEVELOPMENT	0.0028	0.0028	0.0166	0.0182	0.0011
1	ENVIRONMENTAL OPERATIONS	0.0028	0.0014	0.0186	0.7269	0.0011
1	PURCHASE PERFORMANCE	0.0028	0.0014	0.0186	0.7269	0.0028
1	HEALTHCARE OPERATIONS	0.0198	0.0250	0.0730	-0.6260	0.0053
1	MANUFACTURING EFFICIENCY	0.0028	0.0014	0.0186	0.7269	0.0014
1	TECHNOLOGY VALUE	0.0056	0.0028	0.0333	1.0288	0.0021
1	META-ANALYSIS	0.0339	0.0277	0.1215	0.7056	0.0046
1	RESOURCE CONSTRAINTS	0.0056	0.0097	0.0262	-0.7789	0.0028
1	OPERATIONS	0.0056	0.0097	0.0262	-0.7789	0.0029
1	QUESTIONNAIRES/SURVEYS/INTERVIEWS	0.0254	0.0180	0.1021	1.0454	0.0047
1	PATIENT SATISFACTION	0.0056	0.0028	0.0333	1.0288	0.0021
1	RELATIONSHIP	0.0028	0.0014	0.0186	0.7269	0.0028
1	CITATION ANALYSIS	0.0056	0.0028	0.0333	1.0288	0.0022
1	MODERATED HIERARCHICAL REGRESSION	0.0056	0.0028	0.0333	1.0288	0.0028
1	SUPPLIER CAPABILITY	0.0028	0.0028	0.0166	0.0182	0.0028
1	PURCHASING/OPERATIONS INTERFACE	0.0056	0.0028	0.0333	1.0288	0.0015
1	ASIA	0.0113	0.0180	0.0454	-0.9518	0.0027
1	QUALITY ASSURANCE	0.0141	0.0069	0.0702	1.6300	0.0025
1	SERVICE PROFIT CHAIN	0.0056	0.0028	0.0333	1.0288	0.0025
1	DIFFUSION	0.0028	0.0014	0.0186	0.7269	0.0013
1	SURVEY RESEARCH METHODOLOGY	0.0028	0.0014	0.0186	0.7269	0.0016
1	SERVICE STRATEGY	0.0028	0.0014	0.0186	0.7269	0.0010
1	THEORY VERIFYING	0.0113	0.0083	0.0541	0.6167	0.0027
1	DYNAMIC CAPABILITIES	0.0028	0.0042	0.0155	-0.3905	0.0010
1	SUPPLIER DEVELOPMENT INVESTMENTS	0.0028	0.0028	0.0166	0.0182	0.0028
1	JUST-IN-TIME	0.0085	0.0125	0.0371	-0.6792	0.0017
1	EXPERIMENTS	0.0028	0.0028	0.0166	0.0182	0.0009
1	ENVIRONMENTAL ISSUES	0.0056	0.0042	0.0310	0.4352	0.0016
1	AIRCRAFT MANUFACTURING	0.0056	0.0097	0.0262	-0.7789	0.0015
1	CO-CITATION	0.0056	0.0028	0.0333	1.0288	0.0022
1	FIRM PERFORMANCE	0.0169	0.0180	0.0681	-0.1529	0.0028
1	OPERATIONS MANAGEMENT PRACTICES	0.0085	0.0055	0.0440	0.7414	0.0018
1	QUALITY MANAGEMENT	0.3644	0.2344	0.5287	5.7743	0.0563
1	STATISTICAL ANALYSIS	0.0226	0.0125	0.0991	1.7143	0.0038
1	ELECTRONIC DATA INTERCHANGE	0.0028	0.0028	0.0166	0.0182	0.0013
1	STANDARDIZATION	0.0028	0.0014	0.0186	0.7269	0.0016
1	REGRESSION ANALYSIS	0.0085	0.0069	0.0421	0.3491	0.0018
1	ENTERPRISE TRANSFORMATION	0.0056	0.0028	0.0333	1.0288	0.0018
1	FINANCIAL/ECONOMIC ANALYSIS	0.0028	0.0055	0.0147	-0.6898	0.0008
1	LABORATORY RESEARCH	0.0113	0.0083	0.0541	0.6167	0.0027
1	RADICAL PRODUCT INNOVATION	0.0198	0.0139	0.0846	0.9499	0.0028
1	LEAN BUNDLES	0.0113	0.0097	0.0524	0.3052	0.0028
1	ROUTINES	0.0056	0.0097	0.0262	-0.7789	0.0021
1	SUSTAINABLE OPERATIONS	0.0028	0.0014	0.0186	0.7269	0.0011
1	CONTINGENCY THEORY	0.0537	0.0666	0.1454	-0.9738	0.0090
1	CONFIRMATORY FACTOR ANALYSIS	0.0056	0.0125	0.0248	-1.1579	0.0015
1	JUST-IN-TIME PURCHASING	0.0028	0.0055	0.0147	-0.6898	0.0013
1	SERVICE QUALITY	0.0085	0.0042	0.0465	1.2608	0.0018
1	QUALITY CERTIFICATION	0.0113	0.0055	0.0587	1.4569	0.0025
1	PROCESS DESIGN	0.0113	0.0083	0.0541	0.6167	0.0034
1	SURVEY-BASED RESEARCH	0.0028	0.0014	0.0186	0.7269	0.0028
1	ORGANIZATIONAL ISSUES	0.0113	0.0069	0.0562	0.9896	0.0020
1	MBNQA	0.0141	0.0097	0.0655	0.8473	0.0024
1	GREEN SUPPLY CHAIN MANAGEMENT	0.0056	0.0028	0.0333	1.0288	0.0028
1	STRUCTURAL EQUATIONS MODELING	0.0028	0.0042	0.0155	-0.3905	0.0012
1	CROSS-FUNCTIONAL INTERFACE	0.0056	0.0042	0.0310	0.4352	0.0016
1	HUMAN RESOURCE TRAINING	0.0056	0.0042	0.0310	0.4352	0.0028
1	INTER-ORGANIZATIONAL COMMUNICATION	0.0028	0.0028	0.0166	0.0182	0.0028
1	GLOBAL OPERATIONS	0.0141	0.0139	0.0604	0.0410	0.0034
1	HARVEY	0.0028	0.0014	0.0186	0.7269	0.0017
1	LITERATURE REVIEW	0.0169	0.0125	0.0743	0.7569	0.0038
1	PROCESS CONTROL	0.0028	0.0055	0.0147	-0.6898	0.0010
1	INFORMATION TECHNOLOGY	0.0085	0.0111	0.0381	-0.4708	0.0024
1	EMPIRICAL METHODS	0.0056	0.0055	0.0293	0.0258	0.0016
1	CLASSIFICATION	0.0028	0.0042	0.0155	-0.3905	0.0015
1	ORGANIZATIONAL PERFORMANCE	0.0395	0.0277	0.1418	1.3529	0.0066
1	ORGANIZATIONAL ENVIRONMENT	0.0056	0.0042	0.0310	0.4352	0.0015
1	CAPABILITY DEVELOPMENT	0.0056	0.0097	0.0262	-0.7789	0.0014
1	EFQM EXCELLENCE MODEL	0.0141	0.0097	0.0655	0.8473	0.0024
1	SERVICE OPERATIONS	0.0254	0.0277	0.0911	-0.2653	0.0055
1	FINANCIAL AND ECONOMIC ANALYSIS	0.0028	0.0014	0.0186	0.7269	0.0011
1	WORLD WIDE WEB (WWW)	0.0028	0.0014	0.0186	0.7269	0.0016
1	ECONOMETRIC ANALYSIS	0.0028	0.0014	0.0186	0.7269	0.0011
1	ORGANIZATIONAL KNOWLEDGE	0.0028	0.0042	0.0155	-0.3905	0.0028
1	BENCHMARKING	0.0085	0.0042	0.0465	1.2608	0.0019
1	STRUCTURAL EQUATION MODELING	0.0424	0.0402	0.1362	0.2060	0.0066
1	AGENCY THEORY	0.0113	0.0083	0.0541	0.6167	0.0021
1	OPERATIONS PERFORMANCE	0.0141	0.0069	0.0702	1.6300	0.0025
1	E-PROCUREMENT	0.0085	0.0069	0.0421	0.3491	0.0019
1	INCREMENTAL PROCESS INNOVATION	0.0198	0.0139	0.0846	0.9499	0.0028
1	MANUFACTURING PERFORMANCE	0.0198	0.0222	0.0753	-0.3088	0.0053
1	EMPIRICAL TAXONOMY	0.0226	0.0111	0.1017	2.0662	0.0037
1	EMPIRICAL STUDY	0.0056	0.0042	0.0310	0.4352	0.0028
1	NATIONAL SPECIFICITY	0.0056	0.0028	0.0333	1.0288	0.0017
1	QUALITY MANAGEMENT PRACTICES	0.0198	0.0139	0.0846	0.9499	0.0028
1	OPERATIONAL PERFORMANCE	0.0113	0.0125	0.0495	-0.2005	0.0028
1	PATH ANALYSIS	0.0141	0.0083	0.0676	1.2018	0.0025
1	SUPPLY CHAIN INTEGRATION	0.0028	0.0125	0.0124	-1.6366	0.0015
1	CONSTRUCT VALIDITY	0.0028	0.0055	0.0147	-0.6898	0.0013
1	PUBLICNESS DIMENSIONS	0.0085	0.0055	0.0440	0.7414	0.0018
1	REGRESSION	0.0169	0.0139	0.0725	0.4954	0.0031
1	PROCESS MANAGEMENT	0.0169	0.0139	0.0725	0.4954	0.0044
1	SOCIAL NETWORK ANALYSIS	0.0056	0.0028	0.0333	1.0288	0.0022
1	SURVEY	0.0028	0.0028	0.0166	0.0182	0.0013
1	LATENT CLASSES	0.0113	0.0139	0.0483	-0.4135	0.0022
1	CLUSTER ANALYSIS	0.0028	0.0028	0.0166	0.0182	0.0009
1	SUPPLY NETWORK	0.0056	0.0028	0.0333	1.0288	0.0015
1	SOCIAL PREFERENCES	0.0028	0.0014	0.0186	0.7269	0.0028
1	BUYER-SUPPLIER RELATIONSHIPS AND PERFORMANCE	0.0028	0.0028	0.0166	0.0182	0.0028
1	ISO 14000 CERTIFICATION	0.0056	0.0028	0.0333	1.0288	0.0028
1	QUALITY INITIATIVES	0.0028	0.0028	0.0166	0.0182	0.0010
1	OPERATION STRATEGY	0.0028	0.0042	0.0155	-0.3905	0.0011
1	COMPLEXITY THEORY	0.0056	0.0028	0.0333	1.0288	0.0015
1	TESTING	0.0028	0.0014	0.0186	0.7269	0.0013
1	STOCK PRICE PERFORMANCE	0.0028	0.0042	0.0155	-0.3905	0.0011
1	SIX SIGMA	0.0480	0.0680	0.1291	-1.4906	0.0079
1	STRATEGIC SUPPLY MANAGEMENT	0.0028	0.0028	0.0166	0.0182	0.0010
1	MANUFACTURING AND SOURCING STRATEGY	0.0113	0.0097	0.0524	0.3052	0.0024
1	BUSINESS RESULTS	0.0198	0.0097	0.0916	1.9314	0.0031
1	PRODUCT LIFE CYCLE	0.0028	0.0028	0.0166	0.0182	0.0028
1	SMES	0.0028	0.0014	0.0186	0.7269	0.0012
1	CASE STUDIES	0.0141	0.0083	0.0676	1.2018	0.0036
1	HEALTH CARE OPERATIONS	0.0085	0.0055	0.0440	0.7414	0.0018
1	TOTAL QUALITY MANAGEMENT	0.0763	0.0624	0.2116	1.0778	0.0122
1	MAKE VERSUS BUY	0.0028	0.0042	0.0155	-0.3905	0.0016
1	KNOWLEDGE SHARING	0.0028	0.0042	0.0155	-0.3905	0.0028
1	QUALITY PRACTICES AND PERFORMANCE	0.0141	0.0083	0.0676	1.2018	0.0025
1	ISO 9000	0.0424	0.0250	0.1564	2.0992	0.0065
1	STAKEHOLDER PRESSURE	0.0056	0.0042	0.0310	0.4352	0.0028
1	OPERATION AND HUMAN RESOURCE MANAGEMENT PRACTICES	0.0113	0.0139	0.0483	-0.4135	0.0022
1	CONSTRAINTS	0.0028	0.0055	0.0147	-0.6898	0.0019
1	VARIABILITY	0.0085	0.0097	0.0393	-0.2368	0.0024
1	INTERNATIONAL OPERATIONS	0.0028	0.0042	0.0155	-0.3905	0.0015
1	GLOBE	0.0028	0.0069	0.0140	-0.9318	0.0017
1	RISK MANAGEMENT	0.0028	0.0014	0.0186	0.7269	0.0011
1	SCALE DEVELOPMENT	0.0085	0.0139	0.0363	-0.8680	0.0020
1	POSTAL SURVEY	0.0169	0.0083	0.0812	1.7868	0.0027
1	OPERATING TRADE-OFFS	0.0085	0.0097	0.0393	-0.2368	0.0024
1	GROUP PERFORMANCE	0.0028	0.0014	0.0186	0.7269	0.0028
1	CONTINUOUS IMPROVEMENT	0.0028	0.0042	0.0155	-0.3905	0.0010
1	METHODOLOGY	0.0056	0.0042	0.0310	0.4352	0.0017
1	MAINTENANCE AND RELIABILITY	0.0085	0.0055	0.0440	0.7414	0.0016
1	NATIONAL CULTURE	0.0028	0.0028	0.0166	0.0182	0.0011
1	KNOWLEDGE WORK	0.0028	0.0083	0.0135	-1.1385	0.0011
1	ISO 9000 STANDARD	0.0141	0.0083	0.0676	1.2018	0.0035
1	BALDRIGE AWARD	0.0056	0.0042	0.0310	0.4352	0.0028
1	K-12 EDUCATION	0.0085	0.0042	0.0465	1.2608	0.0018
1	AWARD	0.0169	0.0166	0.0694	0.0449	0.0028
1	CULTURE	0.0198	0.0208	0.0766	-0.1358	0.0045
1	DATA ENVELOPMENT ANALYSIS	0.0141	0.0069	0.0702	1.6300	0.0037
1	MANAGERIAL PRACTICES	0.0028	0.0028	0.0166	0.0182	0.0013
1	NATIONAL AND ORGANIZATIONAL CULTURE	0.0028	0.0069	0.0140	-0.9318	0.0017
1	ADMINISTRATIVE INNOVATION	0.0198	0.0139	0.0846	0.9499	0.0028
1	E-COMMERCE	0.0028	0.0055	0.0147	-0.6898	0.0009
1	INSTITUTIONAL THEORY	0.0169	0.0111	0.0763	1.0514	0.0033
1	ISO 14000	0.0028	0.0014	0.0186	0.7269	0.0013
1	FRAMEWORK	0.0028	0.0042	0.0155	-0.3905	0.0015
1	QUALITY AWARDS	0.0113	0.0055	0.0587	1.4569	0.0025
1	CHINA	0.0028	0.0083	0.0135	-1.1385	0.0015
1	INDUCTIVE	0.0028	0.0014	0.0186	0.7269	0.0013
1	THEORY	0.0169	0.0139	0.0725	0.4954	0.0034
1	HEALTH CARE INDUSTRY	0.0141	0.0083	0.0676	1.2018	0.0025
1	LEAN MANAGEMENT	0.0028	0.0042	0.0155	-0.3905	0.0010
1	OM HISTORY	0.0056	0.0042	0.0310	0.4352	0.0017
1	RESOURCE DEPENDENCE THEORY	0.0056	0.0042	0.0310	0.4352	0.0015
1	EVENT STUDY	0.0311	0.0499	0.0931	-1.6290	0.0051
1	OPERATING PERFORMANCE	0.0028	0.0097	0.0131	-1.3209	0.0009
1	SUPPLY CHAIN QUALITY MANAGEMENT (SCQM)	0.0056	0.0028	0.0333	1.0288	0.0012
1	PURCHASING	0.0311	0.0180	0.1248	1.8443	0.0053
1	OM-INFORMATION TECHNOLOGY INTERFACE	0.0056	0.0055	0.0293	0.0258	0.0015
1	RELATIVE EFFICIENCY	0.0113	0.0055	0.0587	1.4569	0.0025
1	INFORMATION FLOW	0.0085	0.0069	0.0421	0.3491	0.0019
1	WORK FORCE MANAGEMENT	0.0085	0.0042	0.0465	1.2608	0.0016
1	INSTITUTIONAL PRESSURES	0.0028	0.0014	0.0186	0.7269	0.0028
1	MAINTENANCE	0.0113	0.0097	0.0524	0.3052	0.0022
1	PRODUCTION OFFSHORING	0.0113	0.0097	0.0524	0.3052	0.0024
1	GLOBAL	0.0028	0.0014	0.0186	0.7269	0.0013
1	CONSTRUCTS	0.0028	0.0028	0.0166	0.0182	0.0011
1	FINANCIAL PERFORMANCE	0.0169	0.0125	0.0743	0.7569	0.0028
1	PROCESS IMPROVEMENT	0.0198	0.0347	0.0665	-1.5323	0.0038
1	CASE STUDY RESEARCH	0.0028	0.0069	0.0140	-0.9318	0.0008
1	DELPHI/PANELS	0.0113	0.0097	0.0524	0.3052	0.0024
1	ORGANIZATIONAL LEARNING	0.0085	0.0139	0.0363	-0.8680	0.0019
1	MULTIVARIATE STATISTICAL TECHNIQUES	0.0113	0.0083	0.0541	0.6167	0.0027
1	MANUFACTURING STRATEGY	0.0395	0.0402	0.1271	-0.0645	0.0067
1	INVERTED-U	0.0028	0.0055	0.0147	-0.6898	0.0019
1	DEDUCTIVE	0.0028	0.0014	0.0186	0.7269	0.0013
1	HIERARCHICAL LINEAR MODELS	0.0056	0.0042	0.0310	0.4352	0.0028
1	PRODUCT QUALITY	0.0028	0.0014	0.0186	0.7269	0.0012
1	PROCESS INNOVATION	0.0028	0.0097	0.0131	-1.3209	0.0009
1	TECHNOLOGY MANAGEMENT	0.0311	0.0194	0.1225	1.5893	0.0057
1	INTERORGANIZATIONAL	0.0056	0.0028	0.0333	1.0288	0.0018
1	PUBLIC SECTOR	0.0028	0.0014	0.0186	0.7269	0.0012
1	CASE STUDY	0.0141	0.0111	0.0636	0.5440	0.0036
1	MEDICAL ERRORS	0.0028	0.0055	0.0147	-0.6898	0.0012
1	LEARNING CURVES	0.0056	0.0097	0.0262	-0.7789	0.0015
1	RADICAL PROCESS INNOVATION	0.0198	0.0139	0.0846	0.9499	0.0028
1	SURVEY DESIGN	0.0028	0.0014	0.0186	0.7269	0.0016
1	INNOVATION	0.0056	0.0055	0.0293	0.0258	0.0013
1	INFORMATION SYSTEMS AND TECHNOLOGY	0.0028	0.0042	0.0155	-0.3905	0.0016
1	RESOURCE-BASED VIEW	0.0028	0.0111	0.0127	-1.4856	0.0028
1	PROCESS QUALITY	0.0056	0.0042	0.0310	0.4352	0.0028
1	ORGANIZATIONAL STRUCTURE	0.0254	0.0264	0.0924	-0.1091	0.0038
1	TEAMS	0.0028	0.0097	0.0131	-1.3209	0.0009
1	APPLICATIONS	0.0113	0.0083	0.0541	0.6167	0.0027
1	SUPPLY CHAINS	0.0028	0.0014	0.0186	0.7269	0.0013
1	SECURITY RISK IN SUPPLY CHAIN	0.0056	0.0028	0.0333	1.0288	0.0028
1	TOTAL EFFECTS	0.0113	0.0097	0.0524	0.3052	0.0020
1	SOFTWARE	0.0028	0.0083	0.0135	-1.1385	0.0011
1	GOAL THEORY	0.0028	0.0028	0.0166	0.0182	0.0009
1	MEDIATION	0.0056	0.0042	0.0310	0.4352	0.0028
1	EMPIRICAL	0.0056	0.0055	0.0293	0.0258	0.0021
1	CONTINGENCY RESEARCH	0.0424	0.0374	0.1392	0.4881	0.0064
1	PRODUCT RECALLS	0.0056	0.0028	0.0333	1.0288	0.0028
1	BEHAVIORAL EXPERIMENT	0.0028	0.0014	0.0186	0.7269	0.0028
1	ERROR PREVENTION	0.0056	0.0028	0.0333	1.0288	0.0021
1	SMALL AND MEDIUM SIZED ENTERPRISES (SMES)	0.0056	0.0097	0.0262	-0.7789	0.0014
1	FOCUS	0.0028	0.0014	0.0186	0.7269	0.0013
1	COUNTRY DEVELOPMENT	0.0028	0.0069	0.0140	-0.9318	0.0017
1	REFLECTIVE	0.0141	0.0069	0.0702	1.6300	0.0027
1	CUSTOMER SATISFACTION	0.0056	0.0028	0.0333	1.0288	0.0016
1	LEARNING	0.0028	0.0139	0.0121	-1.7769	0.0011
1	ENTERPRISE NETWORKS	0.0056	0.0028	0.0333	1.0288	0.0018
1	RELATIONAL COMPETENCY	0.0028	0.0028	0.0166	0.0182	0.0028
1	ELECTRONICS INDUSTRY	0.0311	0.0166	0.1273	2.1222	0.0052
1	SOURCING STRATEGY	0.0028	0.0042	0.0155	-0.3905	0.0016
1	CONVERGENCE HYPOTHESIS	0.0056	0.0028	0.0333	1.0288	0.0017
1	RELIABILITY	0.0028	0.0014	0.0186	0.7269	0.0028
1	TIME-BASED MANUFACTURERS	0.0028	0.0014	0.0186	0.7269	0.0016
1	STRUCTURAL EQUATION MODELS	0.0141	0.0097	0.0655	0.8473	0.0024
1	HIERARCHICAL LINEAR MODELING	0.0028	0.0097	0.0131	-1.3209	0.0017
1	LATENT GROWTH AND MULTI-LEVEL MODELS	0.0113	0.0139	0.0483	-0.4135	0.0022
1	DELIVERY PERFORMANCE	0.0028	0.0028	0.0166	0.0182	0.0013
1	CONVERGENCE/DIVERGENCE	0.0028	0.0069	0.0140	-0.9318	0.0017
1	QUALITATIVE RESEARCH	0.0113	0.0097	0.0524	0.3052	0.0027
1	INTERDISCIPLINARY	0.0395	0.0222	0.1506	2.2169	0.0073
1	ORGANIZATIONAL BEHAVIOR	0.0254	0.0139	0.1088	1.8588	0.0047
1	CERTIFICATION	0.0056	0.0055	0.0293	0.0258	0.0015
1	NETWORK-CENTRIC ENTERPRISE	0.0056	0.0028	0.0333	1.0288	0.0018
1	MEASUREMENT EQUIVALENCE	0.0056	0.0028	0.0333	1.0288	0.0017
1	MANUFACTURING FLEXIBILITY	0.0028	0.0069	0.0140	-0.9318	0.0011
1	MANUFACTURING STRATEGY PROCESS	0.0028	0.0042	0.0155	-0.3905	0.0028
1	QUALITATIVE	0.0028	0.0014	0.0186	0.7269	0.0013
1	SATISFACTION	0.0085	0.0069	0.0421	0.3491	0.0019
1	INDIAN AUTO COMPONENT INDUSTRY	0.0113	0.0055	0.0587	1.4569	0.0025
1	ISO 9000 : 2000	0.0141	0.0069	0.0702	1.6300	0.0025
1	DESIGN MANAGEMENT	0.0028	0.0014	0.0186	0.7269	0.0012
1	CUSTOMER FOCUS	0.0141	0.0069	0.0702	1.6300	0.0023
1	COMPETITIVE INTENSITY	0.0028	0.0028	0.0166	0.0182	0.0028
1	PERFORMANCE ANALYSIS	0.0028	0.0014	0.0186	0.7269	0.0013
1	MANAGEMENT LEVERS	0.0085	0.0042	0.0465	1.2608	0.0018
1	MANUFACTURING	0.0141	0.0166	0.0578	-0.3705	0.0033
1	ORGANIZATIONAL CULTURE	0.0028	0.0014	0.0186	0.7269	0.0028
1	TRACEABILITY	0.0056	0.0028	0.0333	1.0288	0.0028
1	FORECASTING TECHNIQUES	0.0028	0.0014	0.0186	0.7269	0.0016
1	USAGE	0.0085	0.0042	0.0465	1.2608	0.0023
1	PERFORMANCE	0.1186	0.0943	0.2801	1.5663	0.0165
1	BALDRIGE	0.0226	0.0125	0.0991	1.7143	0.0033
1	EXECUTION CORNPETENCE	0.0028	0.0014	0.0186	0.7269	0.0014
1	PRODUCTIVITY	0.0141	0.0083	0.0676	1.2018	0.0030
1	RESEARCH AGENDA	0.0056	0.0028	0.0333	1.0288	0.0018
1	OPERATIONS STRATEGY	0.0480	0.0444	0.1496	0.3325	0.0088
1	BUSINESS PROCESSES	0.0056	0.0028	0.0333	1.0288	0.0018
1	QUALITY	0.1102	0.0735	0.2876	2.6431	0.0167
1	PERFORMANCE MEASUREMENT SYSTEMS	0.0028	0.0014	0.0186	0.7269	0.0010
1	FLEXIBILITY COMPETENCE	0.0028	0.0014	0.0186	0.7269	0.0014
1	TECHNICAL CHANGE	0.0113	0.0055	0.0587	1.4569	0.0025
1	SERVICE	0.0113	0.0083	0.0541	0.6167	0.0027
1	REPLICATION RESEARCH	0.0141	0.0097	0.0655	0.8473	0.0025
1	OPERATIONS SAFETY	0.0028	0.0055	0.0147	-0.6898	0.0012
1	QMS	0.0113	0.0055	0.0587	1.4569	0.0025
1	INCREMENTAL PRODUCT INNOVATION	0.0198	0.0139	0.0846	0.9499	0.0028
1	MULTIPLE RATERS	0.0028	0.0014	0.0186	0.7269	0.0028
1	QUALITY RISK	0.0113	0.0097	0.0524	0.3052	0.0024
1	STRUCTURAL EQUATION MODEL	0.0028	0.0055	0.0147	-0.6898	0.0013
1	INTERNET-ENABLED SYSTEMS	0.0028	0.0014	0.0186	0.7269	0.0028
1	EXPLORATORY DATA ANALYSIS	0.0056	0.0028	0.0333	1.0288	0.0028
1	CLINICAL AND EXPERIENTIAL QUALITY	0.0056	0.0028	0.0333	1.0288	0.0015
1	SUPPLY CHAIN	0.0028	0.0028	0.0166	0.0182	0.0011
1	CORPORATE PERFORMANCE	0.0113	0.0166	0.0463	-0.7860	0.0021
1	LEAN MANUFACTURING	0.0056	0.0139	0.0242	-1.3224	0.0015
1	FLEXIBILITY	0.0085	0.0069	0.0421	0.3491	0.0022
1	SAFETY	0.0056	0.0055	0.0293	0.0258	0.0012
1	CASE/FIELD STUDY	0.0169	0.0166	0.0694	0.0449	0.0032
1	LENGTH OF STAY	0.0056	0.0028	0.0333	1.0288	0.0017
1	INFORMATION EXCHANGE	0.0028	0.0042	0.0155	-0.3905	0.0028
1	AGILE	0.0056	0.0097	0.0262	-0.7789	0.0015
1	ARCHIVAL RESEARCH	0.0113	0.0083	0.0541	0.6167	0.0027
1	LOGISTICS FULFILLMENT	0.0085	0.0069	0.0421	0.3491	0.0019
1	PANEL DATA	0.0113	0.0055	0.0587	1.4569	0.0025
1	COMPLEMENTARY SOURCING	0.0028	0.0042	0.0155	-0.3905	0.0016
1	END-USER COMPUTING	0.0028	0.0014	0.0186	0.7269	0.0016
1	RELATIONAL ORIENTATION	0.0028	0.0028	0.0166	0.0182	0.0028
1	INSTALLATION	0.0085	0.0042	0.0465	1.2608	0.0023
1	BIBLIOMETRIC TECHNIQUES	0.0056	0.0028	0.0333	1.0288	0.0022
1	E-RETAIL VALUE CHAIN	0.0028	0.0042	0.0155	-0.3905	0.0016
1	COMPUTER AIDED DESIGN (CAD)	0.0085	0.0042	0.0465	1.2608	0.0018
1	MEASUREMENT AND METHODOLOGY	0.0226	0.0125	0.0991	1.7143	0.0040
1	QUALITY CULTURE	0.0085	0.0042	0.0465	1.2608	0.0018
1	REGULATION IN SUPPLY CHAIN	0.0056	0.0028	0.0333	1.0288	0.0028
1	SURVEY RESEARCH	0.0169	0.0194	0.0668	-0.3366	0.0041
1	QUALITY MANAGEMENT MODELS	0.0226	0.0125	0.0991	1.7143	0.0036
1	STATUS	0.0028	0.0014	0.0186	0.7269	0.0028
1	INTEGRATION	0.0085	0.0069	0.0421	0.3491	0.0029
1	STRATEGIC FIT	0.0028	0.0028	0.0166	0.0182	0.0009
1	EMPLOYEE SATISFACTION	0.0113	0.0111	0.0509	0.0366	0.0022
1	MULTILEVEL MODELING	0.0085	0.0069	0.0421	0.3491	0.0019
1	BEST PRACTICE	0.0282	0.0374	0.0928	-0.9117	0.0047
1	NEW PRODUCT DEVELOPMENT	0.0028	0.0014	0.0186	0.7269	0.0028
1	ENVIRONMENTAL UNCERTAINTY	0.0254	0.0333	0.0865	-0.8248	0.0038
1	INTERNATIONAL/GLOBAL ISSUES	0.0028	0.0014	0.0186	0.7269	0.0012
2	MOTIVATION	0.0465	0.0055	0.2416	5.1144	0.0132
2	LEARNING	0.0465	0.0139	0.1990	2.5884	0.0054
2	FIRM PERFORMANCE	0.0698	0.0180	0.2802	3.6058	0.0074
2	BEHAVIORAL THEORY	0.0116	0.0055	0.0604	0.7591	0.0056
2	ISO 9000	0.0349	0.0250	0.1287	0.5895	0.0070
2	UNCERTAINTY	0.0116	0.0028	0.0685	1.5611	0.0045
2	SUPPLY CHAIN MANAGEMENT	0.0116	0.0638	0.0320	-1.9797	0.0029
2	MIXED-METHODS RESEARCH	0.0116	0.0042	0.0637	1.0757	0.0046
2	BUSINESS CONTEXT	0.0116	0.0014	0.0765	2.5519	0.0048
2	ASIA	0.0465	0.0180	0.1868	1.9850	0.0078
2	OPERATIONS MANAGEMENT PRACTICES	0.0116	0.0055	0.0604	0.7591	0.0037
2	OPERATIONAL FAILURES	0.0233	0.0055	0.1208	2.2109	0.0049
2	ORGANIZATIONAL SLACK	0.0116	0.0083	0.0557	0.3375	0.0032
2	CONSTRAINTS	0.0116	0.0055	0.0604	0.7591	0.0056
2	SOURCING STRATEGY	0.0116	0.0042	0.0637	1.0757	0.0040
2	ACTION RESEARCH	0.0465	0.0055	0.2416	5.1144	0.0056
2	KNOWLEDGE MANAGEMENT	0.0349	0.0180	0.1401	1.1746	0.0052
2	QUALITY MANAGEMENT	0.2558	0.2344	0.3711	0.4689	0.0424
2	COMMITMENT THEORY	0.0116	0.0083	0.0557	0.3375	0.0031
2	METRICS	0.0233	0.0055	0.1208	2.2109	0.0062
2	GOALS	0.0233	0.0042	0.1275	2.7509	0.0062
2	TQM	0.0116	0.0319	0.0401	-1.0698	0.0028
2	AUTOMOTIVE INDUSTRY	0.0116	0.0014	0.0765	2.5519	0.0056
2	ISO 9000 STANDARD	0.0116	0.0083	0.0557	0.3375	0.0032
2	HIERARCHICAL LINEAR MODELING	0.0465	0.0097	0.2156	3.4807	0.0092
2	LABOR PRODUCTIVITY	0.0116	0.0042	0.0637	1.0757	0.0049
2	FEEDBACK	0.0116	0.0014	0.0765	2.5519	0.0042
2	FIT	0.0116	0.0042	0.0637	1.0757	0.0046
2	REGRESSION ANALYSIS	0.0116	0.0069	0.0578	0.5244	0.0037
2	GROUPTHINK	0.0116	0.0014	0.0765	2.5519	0.0042
2	CONTINUOUS IMPROVEMENT	0.0116	0.0042	0.0637	1.0757	0.0026
2	HEALTHCARE OPERATIONS	0.0349	0.0250	0.1287	0.5895	0.0073
2	THEORY DEVELOPMENT	0.0116	0.0374	0.0382	-1.2612	0.0032
2	CONVERGENCE/DIVERGENCE	0.0233	0.0069	0.1156	1.8239	0.0051
2	TIME-BASED STRATEGY	0.0116	0.0014	0.0765	2.5519	0.0056
2	RELATIONAL STRESS	0.0116	0.0014	0.0765	2.5519	0.0056
2	STRUCTURED PROBLEM-SOLVING PROCESS	0.0465	0.0055	0.2416	5.1144	0.0054
2	CERTIFICATION	0.0233	0.0055	0.1208	2.2109	0.0047
2	RADICAL PRODUCT INNOVATION	0.0349	0.0139	0.1492	1.6663	0.0056
2	LIFE CYCLE	0.0116	0.0014	0.0765	2.5519	0.0048
2	AWARD	0.0698	0.0166	0.2857	3.8509	0.0074
2	DYNAMIC CAPABILITIES	0.0116	0.0042	0.0637	1.0757	0.0026
2	CULTURE	0.0465	0.0208	0.1801	1.6703	0.0078
2	EXPERIMENT	0.0116	0.0014	0.0765	2.5519	0.0041
2	SIGNALING	0.0233	0.0055	0.1208	2.2109	0.0047
2	PROCESS IMPROVEMENT	0.0814	0.0347	0.2736	2.3682	0.0094
2	START-UPS	0.0116	0.0028	0.0685	1.5611	0.0049
2	NATIONAL AND ORGANIZATIONAL CULTURE	0.0233	0.0069	0.1156	1.8239	0.0051
2	THEORY OF PERFORMANCE FRONTIERS	0.0233	0.0083	0.1114	1.5245	0.0043
2	MANUFACTURING FLEXIBILITY	0.0233	0.0069	0.1156	1.8239	0.0053
2	QUALITY IMPROVEMENT TEAMS	0.0465	0.0055	0.2416	5.1144	0.0054
2	PROCESS DESIGN	0.0233	0.0083	0.1114	1.5245	0.0047
2	ADMINISTRATIVE INNOVATION	0.0349	0.0139	0.1492	1.6663	0.0056
2	ORGANIZATIONAL ISSUES	0.0116	0.0069	0.0578	0.5244	0.0025
2	TACIT KNOWLEDGE	0.0233	0.0055	0.1208	2.2109	0.0035
2	CONTROL THEORY	0.0116	0.0083	0.0557	0.3375	0.0031
2	EMPIRICAL RESEARCH	0.0116	0.1442	0.0225	-3.5004	0.0030
2	FIRM SURVIVAL	0.0116	0.0028	0.0685	1.5611	0.0049
2	CONTINGENCY THEORY	0.0698	0.0666	0.1890	0.1188	0.0151
2	SUPPLIER PERFORMANCE	0.0116	0.0014	0.0765	2.5519	0.0048
2	GLOBAL OPERATIONS	0.0349	0.0139	0.1492	1.6663	0.0057
2	SCHEDULING PERFORMANCE	0.0116	0.0014	0.0765	2.5519	0.0045
2	COLLABORATIVE ADVANTAGE	0.0116	0.0014	0.0765	2.5519	0.0036
2	EXPLOITATION	0.0349	0.0194	0.1375	1.0394	0.0063
2	WORKING CAPITAL	0.0116	0.0028	0.0685	1.5611	0.0049
2	COMPETITIVE INTENSITY	0.0116	0.0028	0.0685	1.5611	0.0056
2	DYNAMISM	0.0116	0.0111	0.0523	0.0471	0.0038
2	PLANNING, SCHEDULING AND CONTROL	0.0116	0.0014	0.0765	2.5519	0.0045
2	CONTEXTUAL FACTORS	0.0233	0.0125	0.1019	0.8998	0.0048
2	COOPERATIVE STRATEGIES	0.0116	0.0014	0.0765	2.5519	0.0056
2	ORGANIZATIONAL PERFORMANCE	0.0116	0.0277	0.0417	-0.9098	0.0030
2	HEALTH CARE INDUSTRY	0.0116	0.0083	0.0557	0.3375	0.0032
2	LEAN MANAGEMENT	0.0116	0.0042	0.0637	1.0757	0.0026
2	BOUNDARY SPANNERS	0.0116	0.0014	0.0765	2.5519	0.0056
2	RESOURCE DEPENDENCE THEORY	0.0116	0.0042	0.0637	1.0757	0.0032
2	PERFORMANCE	0.0698	0.0943	0.1647	-0.7789	0.0113
2	ORGANIZATIONAL ENVIRONMENT	0.0116	0.0042	0.0637	1.0757	0.0032
2	STRONG INFERENCE	0.0116	0.0042	0.0637	1.0757	0.0046
2	PHYSIOLOGY	0.0116	0.0014	0.0765	2.5519	0.0041
2	CAPABILITY DEVELOPMENT	0.0116	0.0097	0.0539	0.1815	0.0039
2	OPERATING PERFORMANCE	0.0698	0.0097	0.3234	5.6802	0.0070
2	INSTITUTIONAL PERSPECTIVE	0.0116	0.0069	0.0578	0.5244	0.0030
2	SERVICE OPERATIONS	0.0465	0.0277	0.1667	1.0601	0.0089
2	LEAN OPERATIONS	0.0116	0.0111	0.0523	0.0471	0.0038
2	OM-INFORMATION TECHNOLOGY INTERFACE	0.0233	0.0055	0.1208	2.2109	0.0047
2	SUPPLIER DEVELOPMENT INVESTMENTS	0.0116	0.0028	0.0685	1.5611	0.0056
2	MANUFACTURING PERFORMANCE	0.0233	0.0222	0.0886	0.0670	0.0051
2	THEORY BUILDING	0.0465	0.0166	0.1905	2.1651	0.0056
2	QUALITY	0.0698	0.0735	0.1821	-0.1330	0.0074
2	GLOBE	0.0233	0.0069	0.1156	1.8239	0.0051
2	COUNTRY DEVELOPMENT	0.0233	0.0069	0.1156	1.8239	0.0051
2	INNOVATION SPEED	0.0116	0.0014	0.0765	2.5519	0.0056
2	STRUCTURAL EQUATION MODELING	0.0349	0.0402	0.1121	-0.2520	0.0075
2	PROCESS IMPROVEMENT PROJECTS	0.0465	0.0055	0.2416	5.1144	0.0056
2	FORMALIZATION	0.0233	0.0042	0.1275	2.7509	0.0053
2	REPLICATION RESEARCH	0.0116	0.0097	0.0539	0.1815	0.0029
2	OUTSOURCING	0.0233	0.0139	0.0995	0.7443	0.0047
2	FINANCIAL PERFORMANCE	0.0233	0.0125	0.1019	0.8998	0.0048
2	EXPLORATION	0.0349	0.0194	0.1375	1.0394	0.0063
2	PROJECT SUCCESS	0.0465	0.0055	0.2416	5.1144	0.0056
2	DELPHI/PANELS	0.0349	0.0097	0.1617	2.3810	0.0057
2	OPERATIONS SAFETY	0.0233	0.0055	0.1208	2.2109	0.0049
2	INCREMENTAL PROCESS INNOVATION	0.0349	0.0139	0.1492	1.6663	0.0056
2	ORGANIZATIONAL LEARNING	0.0465	0.0139	0.1990	2.5884	0.0071
2	VENTURES	0.0233	0.0042	0.1275	2.7509	0.0053
2	BALDRIGE	0.0116	0.0125	0.0510	-0.0714	0.0028
2	SUPPLY CHAIN COLLABORATION	0.0116	0.0014	0.0765	2.5519	0.0036
2	INCREMENTAL PRODUCT INNOVATION	0.0349	0.0139	0.1492	1.6663	0.0056
2	INVERTED-U	0.0116	0.0055	0.0604	0.7591	0.0056
2	JUST-IN-TIME PRACTICES	0.0116	0.0125	0.0510	-0.0714	0.0032
2	SOCIAL EXCHANGE THEORY	0.0116	0.0014	0.0765	2.5519	0.0056
2	EXCHANGE PRACTICES	0.0116	0.0014	0.0765	2.5519	0.0048
2	PRODUCTION OFFSHORING	0.0349	0.0097	0.1617	2.3810	0.0057
2	QUALITY MANAGEMENT PRACTICES	0.0349	0.0139	0.1492	1.6663	0.0056
2	QUALITY RISK	0.0349	0.0097	0.1617	2.3810	0.0057
2	OPERATIONAL PERFORMANCE	0.0116	0.0125	0.0510	-0.0714	0.0036
2	EMPIRICAL RESEARCH METHODS	0.0233	0.0416	0.0739	-0.8523	0.0075
2	PROCESS INNOVATION	0.0698	0.0097	0.3234	5.6802	0.0070
2	WAREHOUSING	0.0233	0.0028	0.1369	3.6114	0.0062
2	TECHNOLOGY MANAGEMENT	0.0233	0.0194	0.0917	0.2580	0.0047
2	ORGANIZATIONAL STRUCTURE	0.0349	0.0264	0.1268	0.4939	0.0063
2	SUPPLY CHAIN INTEGRATION	0.0116	0.0125	0.0510	-0.0714	0.0036
2	MODERATED POLYNOMIAL REGRESSION	0.0233	0.0042	0.1275	2.7509	0.0053
2	MEDICAL ERRORS	0.0233	0.0055	0.1208	2.2109	0.0049
2	REGRESSION	0.0116	0.0139	0.0497	-0.1778	0.0032
2	ENVIRONMENTAL UNCERTAINTY	0.0581	0.0333	0.1978	1.2848	0.0124
2	SUPPLY CHAIN	0.0116	0.0028	0.0685	1.5611	0.0056
2	RADICAL PROCESS INNOVATION	0.0349	0.0139	0.1492	1.6663	0.0056
2	CORPORATE PERFORMANCE	0.0465	0.0166	0.1905	2.1651	0.0051
2	META-ANALYSIS	0.0116	0.0277	0.0417	-0.9098	0.0056
2	PROJECT CONTEXT	0.0465	0.0055	0.2416	5.1144	0.0056
2	CASE/FIELD STUDY	0.0116	0.0166	0.0476	-0.3636	0.0025
2	INNOVATION	0.0116	0.0055	0.0604	0.7591	0.0024
2	INFORMATION SYSTEMS AND TECHNOLOGY	0.0116	0.0042	0.0637	1.0757	0.0040
2	RESOURCE-BASED VIEW OF THE FIRM	0.0233	0.0083	0.1114	1.5245	0.0043
2	CONFIGURATIONS	0.0465	0.0055	0.2416	5.1144	0.0056
2	OPERATIONS	0.0116	0.0097	0.0539	0.1815	0.0056
2	DMAIC	0.0465	0.0055	0.2416	5.1144	0.0054
2	PATIENT SAFETY INITIATIVES	0.0116	0.0083	0.0557	0.3375	0.0031
2	INDIVIDUALISM/COLLECTIVISM	0.0233	0.0083	0.1114	1.5245	0.0043
2	EXPERIENCE	0.0465	0.0055	0.2416	5.1144	0.0054
2	DEADLINES	0.0233	0.0028	0.1369	3.6114	0.0062
2	TEAMS	0.0349	0.0097	0.1617	2.3810	0.0050
2	ORGANIZATION THEORY	0.0116	0.0042	0.0637	1.0757	0.0046
2	COMPLEMENTARY SOURCING	0.0116	0.0042	0.0637	1.0757	0.0040
2	SUPPLIER CAPABILITY	0.0116	0.0028	0.0685	1.5611	0.0056
2	CONTINGENCY	0.0116	0.0014	0.0765	2.5519	0.0036
2	ANTECEDENTS OF NPD SPEED	0.0116	0.0014	0.0765	2.5519	0.0056
2	RELATIONAL ORIENTATION	0.0116	0.0028	0.0685	1.5611	0.0056
2	E-RETAIL VALUE CHAIN	0.0116	0.0042	0.0637	1.0757	0.0040
2	TOTAL EFFECTS	0.0233	0.0097	0.1078	1.2812	0.0046
2	LONGITUDINAL METHODS	0.0116	0.0028	0.0685	1.5611	0.0049
2	EVENT STUDY	0.1860	0.0499	0.5576	5.7956	0.0182
2	GOVERNANCE STRUCTURE	0.0116	0.0014	0.0765	2.5519	0.0048
2	META-ANALYSIS OF CORRELATIONS	0.0116	0.0125	0.0510	-0.0714	0.0032
2	SURVEY RESEARCH	0.0116	0.0194	0.0458	-0.5235	0.0036
2	HEURISTICS	0.0116	0.0014	0.0765	2.5519	0.0042
2	STRATEGIC INTERDEPENDENCE	0.0116	0.0014	0.0765	2.5519	0.0048
2	LEAN PURCHASING	0.0116	0.0111	0.0523	0.0471	0.0038
2	GOAL THEORY	0.0116	0.0028	0.0685	1.5611	0.0022
2	SIX SIGMA	0.2674	0.0680	0.7191	7.3503	0.0303
2	PERFORMANCE MEASUREMENT	0.0233	0.0083	0.1114	1.5245	0.0088
2	OPERATIONS STRATEGY	0.0116	0.0444	0.0362	-1.4749	0.0026
2	MANUFACTURING AND SOURCING STRATEGY	0.0349	0.0097	0.1617	2.3810	0.0057
2	CONTINGENCY RESEARCH	0.0116	0.0374	0.0382	-1.2612	0.0033
2	BIASES	0.0116	0.0014	0.0765	2.5519	0.0042
2	PRODUCT LIFE CYCLE	0.0116	0.0028	0.0685	1.5611	0.0056
2	MULTILEVEL MODELING	0.0233	0.0069	0.1156	1.8239	0.0041
2	BEST PRACTICE	0.0233	0.0374	0.0764	-0.6932	0.0066
2	BEHAVIORAL OPERATIONS	0.0116	0.0042	0.0637	1.0757	0.0041
2	TRUST	0.0116	0.0042	0.0637	1.0757	0.0056
2	SUPPLIER RELATIONS	0.0116	0.0014	0.0765	2.5519	0.0056
2	SMALL AND MEDIUM SIZED ENTERPRISES (SMES)	0.0116	0.0097	0.0539	0.1815	0.0039
2	COMPLEXITY	0.0349	0.0166	0.1429	1.3222	0.0118
2	HEALTH CARE OPERATIONS	0.0116	0.0055	0.0604	0.7591	0.0037
2	QUALITY OF PLANNING	0.0116	0.0014	0.0765	2.5519	0.0045
2	PUBLICNESS DIMENSIONS	0.0116	0.0055	0.0604	0.7591	0.0037
2	TOTAL QUALITY MANAGEMENT	0.1163	0.0624	0.3226	2.0650	0.0156
2	MAKE VERSUS BUY	0.0116	0.0042	0.0637	1.0757	0.0040
3	SUPPLY CHAIN STRATEGY	0.0175	0.0014	0.1154	3.2777	0.0061
3	BEHAVIORAL THEORY	0.0351	0.0055	0.1823	3.0026	0.0060
3	STAKEHOLDER PRESSURE	0.0175	0.0042	0.0962	1.5696	0.0066
3	SUPPLY CHAIN MANAGEMENT	0.0526	0.0638	0.1448	-0.3450	0.0145
3	PARTIAL LEAST SQUARES (PLS)	0.0175	0.0014	0.1154	3.2777	0.0059
3	SYSTEM DYNAMICS	0.0175	0.0014	0.1154	3.2777	0.0048
3	POWER ANALYSIS	0.0175	0.0028	0.1033	2.1202	0.0066
3	KNOWLEDGE MANAGEMENT	0.0175	0.0180	0.0705	-0.0276	0.0035
3	QUALITY MANAGEMENT	0.1228	0.2344	0.1782	-1.9888	0.0193
3	ENVIRONMENTAL AND OPERATIONS MANAGEMENT	0.0175	0.0042	0.0962	1.5696	0.0066
3	CAPABILITIES	0.0351	0.0083	0.1680	2.2245	0.0059
3	COMMITMENT THEORY	0.0351	0.0083	0.1680	2.2245	0.0059
3	METRICS	0.0175	0.0055	0.0911	1.2193	0.0061
3	GOALS	0.0175	0.0042	0.0962	1.5696	0.0046
3	QUALITY PRACTICES AND PERFORMANCE	0.0175	0.0083	0.0840	0.7664	0.0050
3	LABORATORY EXPERIMENTS	0.0175	0.0028	0.1033	2.1202	0.0057
3	AREAS FOR FUTURE RESEARCH	0.0351	0.0042	0.1924	3.6273	0.0067
3	MANUFACTURING PRACTICES	0.0351	0.0097	0.1626	1.9541	0.0051
3	SOM CONTENT	0.0175	0.0014	0.1154	3.2777	0.0066
3	PERFORMANCE MEASUREMENT	0.0175	0.0083	0.0840	0.7664	0.0057
3	OPERATIONS MANAGEMENT	0.0175	0.0125	0.0769	0.3442	0.0059
3	HEALTHCARE OPERATIONS	0.0351	0.0250	0.1295	0.4898	0.0059
3	THEORY DEVELOPMENT	0.0526	0.0374	0.1729	0.6038	0.0096
3	LABORATORY RESEARCH	0.0175	0.0083	0.0840	0.7664	0.0057
3	STRUCTURAL EQUATION MODELING (SEM)	0.0175	0.0014	0.1154	3.2777	0.0059
3	LOGISTICS/DISTRIBUTION	0.0175	0.0028	0.1033	2.1202	0.0052
3	THE FIT BETWEEN PLANT AND SUPPLIER FLEXIBILITY	0.0175	0.0028	0.1033	2.1202	0.0066
3	BEHAVIORAL ISSUES	0.0175	0.0014	0.1154	3.2777	0.0066
3	MANUFACTURING	0.0175	0.0166	0.0719	0.0531	0.0057
3	QUALITATIVE RESEARCH	0.0175	0.0097	0.0813	0.6033	0.0057
3	RESEARCH METHODS	0.0175	0.0028	0.1033	2.1202	0.0066
3	INTERDISCIPLINARY	0.0175	0.0222	0.0668	-0.2382	0.0046
3	INNOVATION CAPABILITY	0.0351	0.0069	0.1744	2.5613	0.0059
3	MEASUREMENT METHODOLOGY	0.0351	0.0028	0.2066	4.6385	0.0066
3	ROUTINES	0.0351	0.0097	0.1626	1.9541	0.0059
3	CONTINGENCY THEORY	0.1053	0.0666	0.2852	1.1717	0.0138
3	CULTURE	0.0526	0.0208	0.2038	1.6835	0.0066
3	MIS-OPERATIONS INTERFACE	0.0351	0.0028	0.2066	4.6385	0.0066
3	TASK COMPLEXITY	0.0175	0.0014	0.1154	3.2777	0.0066
3	THEORY OF PERFORMANCE FRONTIERS	0.0526	0.0083	0.2520	3.6825	0.0066
3	MANUFACTURING STRATEGY PROCESS	0.0351	0.0042	0.1924	3.6273	0.0057
3	CONTROL THEORY	0.0351	0.0083	0.1680	2.2245	0.0059
3	EMPIRICAL RESEARCH	0.0702	0.1442	0.1359	-1.5917	0.0168
3	INSTITUTIONAL THEORY	0.0351	0.0111	0.1579	1.7292	0.0051
3	MIS/OPERATIONS INTERFACE	0.0175	0.0028	0.1033	2.1202	0.0052
3	HUMAN RESOURCE TRAINING	0.0175	0.0042	0.0962	1.5696	0.0066
3	E-COLLABORATION	0.0175	0.0028	0.1033	2.1202	0.0061
3	B2B MARKETSPACES	0.0175	0.0014	0.1154	3.2777	0.0061
3	EXPLOITATION	0.0351	0.0194	0.1383	0.8574	0.0056
3	BATCHING	0.0175	0.0014	0.1154	3.2777	0.0048
3	CONSTRAINTS	0.0351	0.0055	0.1823	3.0026	0.0060
3	INFORMATION TECHNOLOGY	0.0351	0.0111	0.1579	1.7292	0.0066
3	SUPPLY-CHAIN MANAGEMENT	0.0351	0.0028	0.2066	4.6385	0.0066
3	GENERAL METHODOLOGY	0.0351	0.0028	0.2066	4.6385	0.0066
3	CHEMICAL INDUSTRY	0.0175	0.0014	0.1154	3.2777	0.0066
3	THEORY	0.0702	0.0139	0.3002	3.6349	0.0125
3	THEORIZING	0.0351	0.0028	0.2066	4.6385	0.0066
3	SUPPLY CHAIN IN INDIA	0.0175	0.0028	0.1033	2.1202	0.0066
3	MODELING	0.0175	0.0014	0.1154	3.2777	0.0048
3	CHANGE DRIVERS	0.0351	0.0028	0.2066	4.6385	0.0053
3	STRUCTURAL THEORY	0.0175	0.0014	0.1154	3.2777	0.0048
3	EXPERIMENTAL OPERATIONS	0.0175	0.0014	0.1154	3.2777	0.0066
3	DISSOLUTION	0.0351	0.0028	0.2066	4.6385	0.0066
3	SERVICE OPERATIONS	0.0351	0.0277	0.1258	0.3378	0.0092
3	OPERATIONS STRATEGY	0.0877	0.0444	0.2732	1.5887	0.0179
3	PURCHASING	0.0175	0.0180	0.0705	-0.0276	0.0056
3	THEORY BUILDING	0.0175	0.0166	0.0719	0.0531	0.0057
3	TAXONOMIES	0.0175	0.0014	0.1154	3.2777	0.0043
3	QUALITY	0.0351	0.0735	0.0916	-1.1115	0.0091
3	ORGANIZATIONAL KNOWLEDGE	0.0351	0.0042	0.1924	3.6273	0.0057
3	OPERATIONS	0.0702	0.0097	0.3252	4.6558	0.0113
3	STRUCTURAL EQUATION MODELING	0.0351	0.0402	0.1127	-0.1973	0.0076
3	ALLIANCE	0.0175	0.0014	0.1154	3.2777	0.0066
3	SERVICE	0.0175	0.0083	0.0840	0.7664	0.0057
3	SHOPFLOOR BEHAVIOR	0.0175	0.0042	0.0962	1.5696	0.0057
3	CONSTRUCTS	0.0175	0.0028	0.1033	2.1202	0.0053
3	EXPLORATION	0.0351	0.0194	0.1383	0.8574	0.0056
3	CONCEPTUAL METHODS	0.0351	0.0028	0.2066	4.6385	0.0066
3	PERFORMANCE	0.0351	0.0943	0.0828	-1.5299	0.0065
3	SUPPLY MANAGEMENT	0.0175	0.0097	0.0813	0.6033	0.0057
3	CASE STUDY RESEARCH	0.0526	0.0069	0.2616	4.1574	0.0122
3	PLANT PERFORMANCE	0.0175	0.0028	0.1033	2.1202	0.0066
3	SERVICE OPERATIONS MANAGEMENT	0.0175	0.0014	0.1154	3.2777	0.0066
3	TECHNOLOGICAL TRENDS	0.0351	0.0028	0.2066	4.6385	0.0053
3	VOLUME FLEXIBILITY	0.0175	0.0014	0.1154	3.2777	0.0043
3	MULTIVARIATE STATISTICAL TECHNIQUES	0.0175	0.0083	0.0840	0.7664	0.0057
3	MANUFACTURING STRATEGY	0.0702	0.0402	0.2255	1.1510	0.0097
3	E-SERVICES	0.0175	0.0014	0.1154	3.2777	0.0052
3	INVERTED-U	0.0351	0.0055	0.1823	3.0026	0.0060
3	NEW VENTURES	0.0175	0.0014	0.1154	3.2777	0.0066
3	SUPPLIER FLEXIBILITY	0.0175	0.0028	0.1033	2.1202	0.0066
3	EMPIRICAL RESEARCH METHODS	0.0351	0.0416	0.1116	-0.2465	0.0112
3	INFORMATION RICHNESS THEORY	0.0175	0.0028	0.1033	2.1202	0.0056
3	TECHNOLOGY MANAGEMENT	0.0175	0.0194	0.0692	-0.1025	0.0056
3	PATH ANALYSIS	0.0175	0.0083	0.0840	0.7664	0.0050
3	ELECTRONIC REVERSE AUCTIONS	0.0175	0.0028	0.1033	2.1202	0.0057
3	INSTRUMENT DEVELOPMENT	0.0175	0.0028	0.1033	2.1202	0.0053
3	ORGANIZATIONAL STRUCTURE	0.0702	0.0264	0.2552	2.0655	0.0098
3	CASE STUDY	0.0175	0.0111	0.0790	0.4647	0.0057
3	BORDERLINE SAMPLED INTERACTION ANALYSIS	0.0175	0.0028	0.1033	2.1202	0.0066
3	FIELD RESEARCH	0.0175	0.0083	0.0840	0.7664	0.0057
3	METAPHOR	0.0351	0.0028	0.2066	4.6385	0.0066
3	PERFORMANCE MANAGEMENT	0.0175	0.0042	0.0962	1.5696	0.0057
3	E-COMMERCE	0.0351	0.0055	0.1823	3.0026	0.0101
3	OPPORTUNISM	0.0175	0.0028	0.1033	2.1202	0.0057
3	REQUISITE VARIETY	0.0175	0.0014	0.1154	3.2777	0.0066
3	CASE STUDY/RESEARCH METHODS	0.0351	0.0028	0.2066	4.6385	0.0066
3	MASS CUSTOMIZATION	0.0351	0.0111	0.1579	1.7292	0.0050
3	RESOURCE-BASED VIEW	0.0702	0.0111	0.3159	4.2582	0.0109
3	RESOURCE-BASED VIEW OF THE FIRM	0.0526	0.0083	0.2520	3.6825	0.0066
3	IMPROVEMENT CAPABILITY	0.0351	0.0069	0.1744	2.5613	0.0059
3	MISTAKE-PROOFING	0.0175	0.0014	0.1154	3.2777	0.0054
3	DESIGN QUALITY	0.0175	0.0083	0.0840	0.7664	0.0050
3	STRATEGIC BUYER-SUPPLIER RELATIONSHIP	0.0351	0.0028	0.2066	4.6385	0.0066
3	COGNITIVE PSYCHOLOGY	0.0175	0.0014	0.1154	3.2777	0.0054
3	PATIENT SAFETY INITIATIVES	0.0351	0.0083	0.1680	2.2245	0.0059
3	INDIVIDUALISM/COLLECTIVISM	0.0526	0.0083	0.2520	3.6825	0.0066
3	MANUFACTURING CAPABILITY	0.0175	0.0014	0.1154	3.2777	0.0066
3	METAPHORICAL TRANSFER	0.0351	0.0028	0.2066	4.6385	0.0066
3	ARCHIVAL RESEARCH	0.0175	0.0083	0.0840	0.7664	0.0057
3	APPLICATIONS	0.0175	0.0083	0.0840	0.7664	0.0057
3	SOM RESEARCH	0.0175	0.0014	0.1154	3.2777	0.0066
3	US MANUFACTURERS IN INDIA	0.0175	0.0028	0.1033	2.1202	0.0066
3	HUMAN ERROR	0.0175	0.0014	0.1154	3.2777	0.0054
3	WIP INVENTORY	0.0175	0.0028	0.1033	2.1202	0.0066
3	FIELD STUDY	0.0175	0.0014	0.1154	3.2777	0.0066
3	ASIA	0.0526	0.0180	0.2114	1.9632	0.0066
3	POKA-YOKE	0.0175	0.0014	0.1154	3.2777	0.0054
3	MEASUREMENT AND METHODOLOGY	0.0175	0.0125	0.0769	0.3442	0.0045
3	ENVIRONMENTAL CONTEXT	0.0175	0.0014	0.1154	3.2777	0.0066
3	SURVEY RESEARCH	0.0351	0.0194	0.1383	0.8574	0.0106
3	VALUE-CHAIN MANAGEMENT	0.0351	0.0028	0.2066	4.6385	0.0066
3	META-ANALYSIS	0.0175	0.0277	0.0629	-0.4687	0.0036
3	SIX SIGMA	0.0175	0.0680	0.0472	-1.5124	0.0046
3	DIVORCE	0.0351	0.0028	0.2066	4.6385	0.0066
3	MEDIATION	0.0175	0.0042	0.0962	1.5696	0.0066
3	EMPIRICAL	0.0351	0.0055	0.1823	3.0026	0.0060
3	PROFITABILITY	0.0175	0.0069	0.0872	0.9652	0.0066
3	OFFSHORE MANUFACTURING	0.0175	0.0097	0.0813	0.6033	0.0048
3	CONTINGENCY RESEARCH	0.0351	0.0374	0.1153	-0.0939	0.0051
3	COGNITIVE LOAD	0.0175	0.0014	0.1154	3.2777	0.0066
3	EMPLOYEE SATISFACTION	0.0175	0.0111	0.0790	0.4647	0.0048
3	BEST PRACTICE	0.0351	0.0374	0.1153	-0.0939	0.0051
3	PLANT FLEXIBILITY	0.0175	0.0028	0.1033	2.1202	0.0066
3	ENVIRONMENTAL UNCERTAINTY	0.0351	0.0333	0.1194	0.0758	0.0056
3	THEORY VERIFYING	0.0175	0.0083	0.0840	0.7664	0.0057
3	SIMULATION	0.0175	0.0028	0.1033	2.1202	0.0048
3	EXPERIMENTS	0.0175	0.0028	0.1033	2.1202	0.0056
3	HUMAN EXPERIMENTS	0.0175	0.0014	0.1154	3.2777	0.0066
3	MASS SERVICE	0.0175	0.0014	0.1154	3.2777	0.0048
3	TOTAL QUALITY MANAGEMENT	0.0175	0.0624	0.0487	-1.4004	0.0048
3	E-TRANSACTIONS	0.0175	0.0014	0.1154	3.2777	0.0061
